Matrix 1 (4x4):
0.307421 -0.945973 0.10309 27.9694 
0.0924428 0.137513 0.986177 147.563 
-0.947073 -0.293642 0.129723 -12.1309 
2.1684e-19 0 -8.67362e-19 1 

Matrix 2 (4x4):
0.125106 -0.927713 0.351705 66.523 
0.00557987 0.355143 0.934795 96.0835 
-0.992128 -0.114986 0.0496068 -24.9677 
0 0 0 1 

Matrix 3 (4x4):
-0.0467741 -0.992538 -0.112607 -12.4612 
-0.0689281 -0.109255 0.991621 235.962 
-0.996525 0.054144 -0.0633035 -84.4631 
2.1684e-19 -5.42101e-20 8.67362e-19 1 

Matrix 4 (4x4):
0.181246 -0.830944 0.526005 108.13 
0.598447 0.517624 0.611495 27.9052 
-0.780391 0.203955 0.591094 21.2099 
2.57606e-16 8.41341e-17 7.80626e-18 1 

Matrix 5 (4x4):
0.221566 -0.925941 0.305847 92.9192 
-0.27054 0.242961 0.931546 139.09 
-0.936865 -0.289143 -0.196672 -58.8208 
4.33681e-19 0 2.60209e-18 1 

Matrix 6 (4x4):
-0.0825055 -0.872699 0.481238 64.9351 
0.702957 0.291329 0.648828 153.35 
-0.70643 0.391821 0.589434 54.4568 
-8.67362e-19 2.71051e-19 -1.73472e-18 1 

Matrix 7 (4x4):
0.189124 -0.849282 0.492902 76.9283 
0.509555 0.513968 0.690065 75.704 
-0.839396 0.120653 0.52996 1.28924 
-8.67362e-19 0 8.67362e-19 1 

Matrix 8 (4x4):
0.250836 -0.964658 -0.080723 -7.86174 
-0.520964 -0.0642386 -0.851158 -123.603 
0.815891 0.255554 -0.518665 -59.2105 
4.33681e-19 6.09864e-20 4.33681e-18 1 

Matrix 9 (4x4):
-0.0409632 -0.907875 0.417235 53.604 
0.526651 0.335249 0.781183 105.68 
-0.849094 0.251737 0.4644 -25.2447 
-1.03476e-15 4.85506e-16 9.30679e-16 1 

Matrix 10 (4x4):
0.0203894 -0.811107 0.584542 123.781 
0.412944 0.539296 0.733919 32.3886 
-0.910528 0.226419 0.345938 -46.0178 
1.17094e-16 5.66387e-16 5.74193e-16 1 

Matrix 11 (4x4):
-0.123066 -0.941207 0.314618 110.24 
-0.109021 0.327931 0.93839 157.346 
-0.986392 0.0811844 -0.142968 -29.7137 
-1.82379e-15 2.6628e-16 6.41848e-17 1 

Matrix 12 (4x4):
-0.0962878 -0.993659 -0.0580538 18.428 
-0.4714 -0.0058447 0.8819 209.239 
-0.876648 0.112283 -0.467848 -115.573 
-3.38813e-21 -2.1684e-19 8.67362e-19 1 

Matrix 13 (4x4):
-0.0315089 -0.901526 0.431576 -3.59409 
0.649548 0.30971 0.694382 155.505 
-0.759667 0.302209 0.575826 39.2469 
-4.33681e-19 0 0 1 

Matrix 14 (4x4):
-0.129343 -0.991218 0.027522 -62.2108 
0.0780234 0.0174957 0.996798 248.649 
-0.988526 0.131076 0.0750753 -13.3141 
0 3.25261e-19 0 1 

Matrix 15 (4x4):
-0.232727 -0.928925 0.287986 -7.93063 
-0.116753 0.320661 0.939971 155.518 
-0.965509 0.185133 -0.183081 -86.2302 
4.33681e-19 0 8.67362e-19 1 

Matrix 16 (4x4):
0.127168 -0.89044 0.436973 63.2019 
0.341549 0.452919 0.823534 90.5549 
-0.931221 0.0445202 0.361725 -25.7293 
2.60209e-18 -4.33681e-19 2.60209e-18 1 

Matrix 17 (4x4):
-0.0876887 -0.963765 0.251927 7.1417 
-0.104511 0.260406 0.959826 135.735 
-0.99065 0.0578368 -0.123559 -74.2896 
1.73472e-18 4.33681e-19 1.73472e-18 1 

Matrix 18 (4x4):
-0.25902 -0.713226 0.65132 89.0965 
0.733992 0.292973 0.612717 95.344 
-0.627825 0.63677 0.447616 48.633 
2.1684e-19 -2.71051e-20 -8.67362e-19 1 

Matrix 19 (4x4):
-0.473946 -0.777183 0.413959 59.4319 
0.272149 0.317811 0.908257 136.344 
-0.837443 0.543123 0.0608841 -31.8918 
-4.33681e-19 2.1684e-19 8.67362e-19 1 

Matrix 20 (4x4):
-0.10372 -0.870006 0.482008 92.0005 
-0.305927 0.489033 0.816857 111.138 
-0.946388 -0.0627353 -0.316881 -123.543 
-1.30104e-18 3.25261e-19 -8.67362e-19 1 

Matrix 21 (4x4):
0.236953 -0.851153 0.468394 83.347 
0.572206 0.511897 0.640736 126.275 
-0.785133 0.116194 0.60833 66.3878 
-6.50521e-19 1.35525e-20 -2.60209e-18 1 

Matrix 22 (4x4):
0.103272 -0.7309 0.674626 30.4459 
0.646591 0.56472 0.512847 111.341 
-0.755815 0.383244 0.530913 -4.86313 
8.67362e-19 0 0 1 

Matrix 23 (4x4):
-0.319428 -0.865223 0.386464 41.7884 
-0.536363 0.501295 0.678983 95.841 
-0.781204 0.00960121 -0.624202 -158.939 
0 1.6263e-19 0 1 

Matrix 24 (4x4):
0.0836697 -0.954139 0.287432 89.4003 
-0.243348 0.260147 0.934401 142.768 
-0.966323 -0.148127 -0.210422 -65.3075 
-6.50521e-19 4.33681e-19 -2.60209e-18 1 

Matrix 25 (4x4):
-0.0296392 -0.912245 0.408571 33.973 
0.492368 0.342396 0.800211 187.997 
-0.869882 0.224885 0.439012 59.3402 
1.63324e-15 -1.63281e-16 -3.01842e-16 1 

