Matrix 1 (4x4):
0.307421 0.0924428 -0.947073 -33.7284 
-0.945973 0.137513 -0.293642 2.60441 
0.10309 0.986177 0.129723 -146.832 
0 0 0 1 

Matrix 2 (4x4):
0.125106 0.00557987 -0.992128 -33.6297 
-0.927713 0.355143 -0.114986 24.72 
0.351705 0.934795 0.0496068 -111.976 
0 0 0 1 

Matrix 3 (4x4):
-0.0467741 -0.0689281 -0.996525 -68.488 
-0.992538 -0.109255 0.054144 17.9848 
-0.112607 0.991621 -0.0633035 -240.735 
0 0 0 1 

Matrix 4 (4x4):
0.181246 0.598447 -0.780391 -19.746 
-0.830944 0.517624 0.203955 71.0799 
0.526005 0.611495 0.591094 -86.4779 
0 0 0 1 

Matrix 5 (4x4):
0.221566 -0.27054 -0.936865 -38.0655 
-0.925941 0.242961 -0.289143 35.2367 
0.305847 0.931546 -0.196672 -169.556 
0 0 0 1 

Matrix 6 (4x4):
-0.0825055 0.702957 -0.70643 -63.971 
-0.872699 0.291329 0.391821 -9.34391 
0.481238 0.648828 0.589434 -162.846 
0 0 0 1 

Matrix 7 (4x4):
0.189124 0.509555 -0.839396 -52.0422 
-0.849282 0.513968 0.120653 26.2688 
0.492902 0.690065 0.52996 -90.8421 
0 0 0 1 

Matrix 8 (4x4):
0.250836 -0.520964 0.815891 -14.1115 
-0.964658 -0.0642386 0.255554 -0.392485 
-0.080723 -0.851158 -0.518665 -136.551 
0 0 0 1 

Matrix 9 (4x4):
-0.0409632 0.526651 -0.849094 -74.8959 
-0.907875 0.335249 0.251737 19.5916 
0.417235 0.781183 0.4644 -93.1975 
0 0 0 1 

Matrix 10 (4x4):
0.0203894 0.412944 -0.910528 -57.799 
-0.811107 0.539296 0.226419 93.3521 
0.584542 0.733919 0.345938 -80.2067 
0 0 0 1 

Matrix 11 (4x4):
-0.123066 -0.109021 -0.986392 1.41147 
-0.941207 0.327931 0.0811844 54.5723 
0.314618 0.93839 -0.142968 -186.583 
0 0 0 1 

Matrix 12 (4x4):
-0.0962878 -0.4714 -0.876648 -0.906871 
-0.993659 -0.0058447 0.112283 32.5109 
-0.0580538 0.8819 -0.467848 -237.529 
0 0 0 1 

Matrix 13 (4x4):
-0.0315089 0.649548 -0.759667 -71.3064 
-0.901526 0.30971 0.302209 -63.2623 
0.431576 0.694382 0.575826 -129.028 
0 0 0 1 

Matrix 14 (4x4):
-0.129343 0.0780234 -0.988526 -40.6083 
-0.991218 0.0174957 0.131076 -64.2696 
0.027522 0.996798 0.0750753 -245.142 
0 0 0 1 

Matrix 15 (4x4):
-0.232727 -0.116753 -0.965509 -66.9445 
-0.928925 0.320661 0.185133 -41.2712 
0.287986 0.939971 -0.183081 -159.685 
0 0 0 1 

Matrix 16 (4x4):
0.127168 0.341549 -0.931221 -62.9259 
-0.89044 0.452919 0.0445202 16.4089 
0.436973 0.823534 0.361725 -92.8857 
0 0 0 1 

Matrix 17 (4x4):
-0.0876887 -0.104511 -0.99065 -58.783 
-0.963765 0.260406 0.0578368 -24.1665 
0.251927 0.959826 -0.123559 -141.26 
0 0 0 1 

Matrix 18 (4x4):
-0.25902 0.733992 -0.627825 -16.3709 
-0.713226 0.292973 0.63677 4.64465 
0.65132 0.612717 0.447616 -138.218 
0 0 0 1 

Matrix 19 (4x4):
-0.473946 0.272149 -0.837443 -35.6459 
-0.777183 0.317811 0.543123 20.1791 
0.413959 0.908257 0.0608841 -146.496 
0 0 0 1 

Matrix 20 (4x4):
-0.10372 -0.305927 -0.946388 -73.377 
-0.870006 0.489033 -0.0627353 17.9405 
0.482008 0.816857 -0.316881 -174.277 
0 0 0 1 

Matrix 21 (4x4):
0.236953 0.572206 -0.785133 -39.8815 
-0.851153 0.511897 0.116194 -1.4127 
0.468394 0.640736 0.60833 -160.334 
0 0 0 1 

Matrix 22 (4x4):
0.103272 0.646591 -0.755815 -78.8119 
-0.7309 0.56472 0.383244 -38.7599 
0.674626 0.512847 0.530913 -75.0586 
0 0 0 1 

Matrix 23 (4x4):
-0.319428 -0.536363 -0.781204 -59.4097 
-0.865223 0.501295 0.00960121 -10.3624 
0.386464 0.678983 -0.624202 -180.434 
0 0 0 1 

Matrix 24 (4x4):
0.0836697 -0.243348 -0.966323 -35.8458 
-0.954139 0.260147 -0.148127 38.4857 
0.287432 0.934401 -0.210422 -172.842 
0 0 0 1 

Matrix 25 (4x4):
-0.0296392 0.492368 -0.869882 -39.9377 
-0.912245 0.342396 0.224885 -46.7224 
0.408571 0.800211 0.439012 -190.369 
0 0 0 1 

