Matrix 1 (4x4):
0.254799 -0.948853 -0.186428 -3.19842 
-0.103084 0.16504 -0.980885 70.6066 
0.961484 0.269146 -0.0557595 -1775.38 
0 0 0 1 

Matrix 2 (4x4):
0.100166 -0.993712 -0.0500224 -14.128 
0.123758 0.0623282 -0.990353 109.887 
0.987244 0.0930094 0.129223 -1806.87 
0 0 0 1 

Matrix 3 (4x4):
-0.0885373 -0.99546 0.0349481 -53.6296 
-0.322346 -0.00456337 -0.946611 -33.7044 
0.942473 -0.0950757 -0.320478 -1774.41 
0 0 0 1 

Matrix 4 (4x4):
0.01018 -0.781006 -0.62444 18.4488 
0.45961 0.558254 -0.690732 129.701 
0.888062 -0.279968 0.364642 -1864.08 
0 0 0 1 

Matrix 5 (4x4):
0.268482 -0.94668 0.178086 -26.486 
0.052571 -0.170198 -0.984007 47.7558 
0.961849 0.27355 0.00407274 -1811.5 
0 0 0 1 

Matrix 6 (4x4):
-0.25738 -0.690616 -0.675874 -22.0656 
0.406457 0.557179 -0.724116 54.8589 
0.876669 -0.461087 0.137299 -1768.86 
0 0 0 1 

Matrix 7 (4x4):
0.0287184 -0.837605 -0.54552 -13.7586 
0.388673 0.512157 -0.765917 128.114 
0.920928 -0.190033 0.340263 -1816 
0 0 0 1 

Matrix 8 (4x4):
0.498113 0.729016 0.469487 -10.6264 
0.0708046 -0.573826 0.815911 15.9501 
0.864216 -0.373174 -0.337448 -1763.28 
0 0 0 1 

Matrix 9 (4x4):
-0.192882 -0.838392 -0.509799 -42.4179 
0.277785 0.451644 -0.847852 124.669 
0.94108 -0.30515 0.145779 -1799.27 
0 0 0 1 

Matrix 10 (4x4):
-0.128783 -0.897754 -0.421252 -34.1457 
0.397582 0.342413 -0.851282 140.88 
0.908484 -0.277113 0.312834 -1883.84 
0 0 0 1 

Matrix 11 (4x4):
-0.108932 -0.98569 0.128643 11.3312 
0.0822776 -0.137909 -0.987021 33.1402 
0.990638 -0.0969342 0.096123 -1837.03 
0 0 0 1 

Matrix 12 (4x4):
-0.0176286 -0.884662 0.465899 2.72166 
-0.299322 -0.439931 -0.84668 -33.9396 
0.953989 -0.15438 -0.257044 -1797.51 
0 0 0 1 

Matrix 13 (4x4):
-0.197976 -0.754289 -0.625982 -25.7392 
0.348992 0.542533 -0.764109 91.7732 
0.915975 -0.369738 0.155832 -1713.97 
0 0 0 1 

Matrix 14 (4x4):
-0.189283 -0.979723 -0.0656817 -12.6269 
-0.164045 0.0975026 -0.981622 -26.9266 
0.968122 -0.17503 -0.179174 -1695.3 
0 0 0 1 

Matrix 15 (4x4):
-0.208639 -0.965541 0.155564 -55.6448 
0.0807822 -0.175535 -0.981153 60.5312 
0.974651 -0.19214 0.114622 -1732.99 
0 0 0 1 

Matrix 16 (4x4):
0.0101186 -0.929768 -0.368008 -32.2948 
0.279579 0.35598 -0.891692 126.934 
0.960069 -0.0938645 0.263545 -1801.6 
0 0 0 1 

Matrix 17 (4x4):
-0.0626829 -0.993016 0.0999467 -45.3785 
0.0379684 -0.102444 -0.994014 79.2596 
0.997311 -0.0585129 0.0441248 -1748.73 
0 0 0 1 

Matrix 18 (4x4):
-0.448061 -0.610499 -0.653095 20.1594 
0.541387 0.396056 -0.741647 83.8097 
0.711436 -0.68588 0.153059 -1790.88 
0 0 0 1 

Matrix 19 (4x4):
-0.560857 -0.815715 -0.141589 -20.8284 
0.184287 0.0437254 -0.981899 74.6024 
0.807141 -0.576799 0.125802 -1803.04 
0 0 0 1 

Matrix 20 (4x4):
-0.0200226 -0.954724 0.296818 -70.4447 
0.237492 -0.292922 -0.926172 47.1872 
0.971183 0.0519477 0.232604 -1802.03 
0 0 0 1 

Matrix 21 (4x4):
0.0949595 -0.782403 -0.615491 4.3431 
0.399756 0.596213 -0.696222 56.5866 
0.91169 -0.179933 0.369386 -1788.25 
0 0 0 1 

Matrix 22 (4x4):
-0.0862356 -0.76026 -0.643869 -33.4862 
0.614829 0.46792 -0.634851 143.818 
0.783932 -0.450616 0.427079 -1752.84 
0 0 0 1 

Matrix 23 (4x4):
-0.158316 -0.800436 0.578133 -69.2917 
0.141681 -0.597874 -0.78897 35.9485 
0.977171 -0.0429961 0.20806 -1772.04 
0 0 0 1 

Matrix 24 (4x4):
0.13397 -0.973023 0.187823 -26.4322 
0.0407354 -0.183964 -0.982089 43.4707 
0.990148 0.139222 0.0149907 -1814.79 
0 0 0 1 

Matrix 25 (4x4):
-0.145821 -0.863052 -0.483608 -0.177772 
0.294943 0.428678 -0.853957 31.925 
0.944322 -0.267162 0.192041 -1733.02 
0 0 0 1 

