Matrix 1 (4x4):
0.0511324 -0.557553 -0.828565 -87.1694 
-0.226292 0.801604 -0.553375 -123.624 
0.972717 0.215793 -0.0851817 -105.383 
-1.06751e-21 -1.95627e-21 -2.78502e-20 1 

Matrix 2 (4x4):
0.103908 -0.652657 -0.750494 -64.9065 
0.0435647 0.756841 -0.652145 -89.3004 
0.993632 0.0350682 0.107075 -136.731 
1.69689e-22 -1.68341e-21 -8.47413e-23 1 

Matrix 3 (4x4):
-0.344121 -0.691364 -0.635292 -196.954 
-0.134466 0.70593 -0.6954 -160.372 
0.929247 -0.153877 -0.33589 -109.432 
-1.06252e-19 1.3619e-20 2.17989e-20 1 

Matrix 4 (4x4):
0.28684 -0.12908 -0.949242 -24.8581 
0.339632 0.94022 -0.0252237 -100.423 
0.895753 -0.315158 0.313533 -191.501 
1.80127e-19 -7.71629e-20 9.67335e-20 1 

Matrix 5 (4x4):
0.17201 -0.796116 -0.580182 -117.782 
-0.127442 0.566027 -0.814476 -123.963 
0.976817 0.214037 -0.00409623 -143.287 
6.52009e-22 -2.5046e-21 1.42408e-20 1 

Matrix 6 (4x4):
0.0633744 -0.0570461 -0.996358 -111.928 
0.493275 0.869678 -0.0184179 -120.915 
0.867562 -0.490311 0.0832547 -100.357 
5.94454e-21 8.72114e-21 -8.66862e-21 1 

Matrix 7 (4x4):
0.247135 -0.206476 -0.946727 -51.0888 
0.27769 0.951145 -0.13495 -77.0777 
0.928339 -0.229546 0.292397 -145.496 
-9.47257e-20 3.18013e-20 -4.4499e-20 1 

Matrix 8 (4x4):
0.349992 0.117825 0.929313 -132.086 
-0.28171 -0.932896 0.224375 -156.12 
0.89339 -0.340327 -0.293313 -94.8418 
9.09355e-20 -2.61411e-20 -5.94968e-20 1 

Matrix 9 (4x4):
0.0124031 -0.243983 -0.9697 -74.4496 
0.35916 0.906144 -0.223398 -58.4863 
0.933194 -0.345507 0.098868 -130.587 
-2.97914e-19 1.14336e-19 -6.86699e-20 1 

Matrix 10 (4x4):
0.144402 -0.364934 -0.919767 -52.3906 
0.396322 0.873028 -0.284167 -55.5941 
0.906685 -0.323489 0.270699 -214.174 
9.91525e-20 -2.54821e-20 3.60584e-20 1 

Matrix 11 (4x4):
-0.0713816 -0.77991 -0.621808 -100.47 
0.164145 0.605714 -0.778567 -161.97 
0.98385 -0.157642 0.0847817 -166.813 
-2.12211e-19 2.06209e-20 -4.80325e-20 1 

Matrix 12 (4x4):
-0.278789 -0.922442 -0.267167 -156.641 
-0.168332 0.320828 -0.932059 -201.533 
0.945485 -0.214875 -0.244719 -129.058 
2.19123e-19 -1.10932e-20 -2.36813e-20 1 

Matrix 13 (4x4):
0.0614438 -0.116889 -0.991242 -91.1158 
0.412302 0.907399 -0.0814449 -90.9494 
0.908973 -0.403687 0.103948 -45.0261 
8.918e-20 -5.73481e-20 3.54856e-20 1 

Matrix 14 (4x4):
-0.30269 -0.602971 -0.738109 -167.919 
0.0488188 0.763613 -0.643826 -182.67 
0.951838 -0.230913 -0.201702 -27.9966 
-1.11634e-19 2.2941e-20 -2.04843e-20 1 

Matrix 15 (4x4):
-0.141063 -0.78755 -0.599888 -133.255 
0.233899 0.56228 -0.793179 -91.9243 
0.961973 -0.252201 0.104891 -66.4202 
-1.0281e-19 2.66314e-20 -2.70421e-20 1 

Matrix 16 (4x4):
0.154471 -0.387822 -0.908698 -65.7373 
0.216071 0.910734 -0.351961 -64.2615 
0.964081 -0.141975 0.224479 -132.235 
-3.04763e-19 4.64796e-20 -1.07396e-19 1 

Matrix 17 (4x4):
-0.0714782 -0.761731 -0.643939 -111.829 
0.100227 0.636837 -0.764456 -86.6476 
0.992394 -0.119182 0.0308263 -81.2147 
1.08856e-19 -4.36788e-21 -9.02602e-21 1 

Matrix 18 (4x4):
0.0357713 -0.103792 -0.993956 -60.5618 
0.719475 0.692962 -0.0464684 -131.611 
0.693596 -0.713464 0.099464 -119.241 
7.33717e-21 5.36755e-21 -1.00512e-20 1 

Matrix 19 (4x4):
-0.303324 -0.505054 -0.808032 -95.067 
0.553534 0.596844 -0.580842 -109.089 
0.775626 -0.623456 0.0985278 -133.982 
-8.37099e-20 6.80641e-20 -1.268e-20 1 

Matrix 20 (4x4):
0.102586 -0.877414 -0.468638 -149.319 
0.208538 0.479624 -0.852334 -92.694 
0.972619 -0.0102908 0.232176 -136.445 
-2.008e-19 -1.67044e-20 -9.01053e-20 1 

Matrix 21 (4x4):
0.301805 -0.108485 -0.947177 -91.2403 
0.237909 0.970643 -0.0353658 -139.208 
0.923208 -0.214669 0.318755 -118.108 
8.75276e-20 -3.16925e-20 6.20481e-20 1 

Matrix 22 (4x4):
0.336512 -0.16989 -0.926227 -57.1377 
0.513995 0.857286 0.0294974 -50.2031 
0.78903 -0.486002 0.37581 -83.3419 
1.61363e-19 -1.06629e-19 9.90302e-20 1 

Matrix 23 (4x4):
-0.0627431 -0.982883 -0.173216 -158.197 
0.240808 0.153521 -0.958354 -100.511 
0.968543 -0.101842 0.227054 -106.68 
8.04593e-22 4.06798e-21 -2.93819e-21 1 

Matrix 24 (4x4):
0.0676686 -0.817035 -0.572604 -120.578 
-0.038701 0.571338 -0.819802 -127.107 
0.996957 0.0776352 0.00704153 -146.732 
6.50225e-22 -1.68963e-21 -2.72559e-20 1 

Matrix 25 (4x4):
0.0571291 -0.279656 -0.958399 -115.067 
0.337969 0.908706 -0.24501 -151.6 
0.939422 -0.309912 0.146429 -63.7312 
1.01395e-19 -3.48141e-20 1.75441e-20 1 

