Matrix 1 (4x4):
0.696532 -0.715099 0.0589714 -24.6708 
0.715438 0.69842 0.0188965 221.304 
-0.0546997 0.0290284 0.998081 -1671.37 
0 0 0 1 

Matrix 2 (4x4):
0.696503 -0.715097 0.0593248 -24.6673 
0.715435 0.698418 0.0191141 221.306 
-0.0551019 0.02913 0.998056 -1671.38 
0 0 0 1 

Matrix 3 (4x4):
0.69649 -0.715123 0.0591662 -24.6639 
0.715456 0.698396 0.0191213 221.303 
-0.0549956 0.029013 0.998065 -1671.37 
0 0 0 1 

Matrix 4 (4x4):
0.696477 -0.71511 0.0594765 -24.6617 
0.715448 0.698403 0.0191923 221.296 
-0.0552632 0.0291853 0.998045 -1671.39 
0 0 0 1 

Matrix 5 (4x4):
0.696526 -0.715109 0.0589034 -24.6547 
0.715444 0.698413 0.0189542 221.315 
-0.0546932 0.02894 0.998084 -1671.34 
0 0 0 1 

Matrix 6 (4x4):
0.696498 -0.715125 0.0590542 -24.6507 
0.715453 0.698399 0.0191496 221.306 
-0.0549377 0.0289128 0.998071 -1671.35 
0 0 0 1 

Matrix 7 (4x4):
0.696501 -0.715091 0.0594205 -24.6473 
0.715421 0.698427 0.0193043 221.306 
-0.0553051 0.0290652 0.998046 -1671.38 
0 0 0 1 

Matrix 8 (4x4):
0.696532 -0.715079 0.059199 -24.6476 
0.715407 0.698443 0.0192268 221.31 
-0.0550958 0.0289593 0.998061 -1671.37 
0 0 0 1 

Matrix 9 (4x4):
0.696514 -0.715091 0.0592711 -24.6458 
0.715414 0.698432 0.0193556 221.308 
-0.0552379 0.028922 0.998054 -1671.36 
0 0 0 1 

Matrix 10 (4x4):
0.696478 -0.715098 0.0596155 -24.6439 
0.715435 0.698413 0.0192737 221.317 
-0.0554189 0.0292274 0.998035 -1671.37 
0 0 0 1 

Matrix 11 (4x4):
0.696534 -0.715084 0.0591197 -24.6481 
0.715422 0.698434 0.0190079 221.315 
-0.0548834 0.0290559 0.99807 -1671.35 
0 0 0 1 

Matrix 12 (4x4):
0.696491 -0.715102 0.0594099 -24.6285 
0.715464 0.698399 0.0187245 221.298 
-0.0548817 0.0294642 0.998058 -1671.36 
0 0 0 1 

Matrix 13 (4x4):
0.696504 -0.715084 0.0594724 -24.6354 
0.715445 0.698417 0.018783 221.328 
-0.054968 0.0294668 0.998053 -1671.36 
0 0 0 1 

Matrix 14 (4x4):
0.696519 -0.715082 0.0593122 -24.6322 
0.715408 0.69844 0.019336 221.329 
-0.0552528 0.0289645 0.998052 -1671.35 
0 0 0 1 

Matrix 15 (4x4):
0.696522 -0.715095 0.0591226 -24.6374 
0.71543 0.698425 0.0190668 221.334 
-0.0549272 0.0290176 0.998069 -1671.35 
0 0 0 1 

Matrix 16 (4x4):
0.696556 -0.715061 0.0591493 -24.6344 
0.715409 0.698452 0.01883 221.337 
-0.0547776 0.0291998 0.998072 -1671.35 
0 0 0 1 

Matrix 17 (4x4):
0.696532 -0.715077 0.0592248 -24.636 
0.715405 0.698445 0.0192473 221.344 
-0.0551286 0.0289633 0.998059 -1671.33 
0 0 0 1 

Matrix 18 (4x4):
0.696485 -0.715073 0.059836 -24.6365 
0.715422 0.698429 0.0191657 221.343 
-0.055496 0.0294594 0.998024 -1671.36 
0 0 0 1 

Matrix 19 (4x4):
0.69651 -0.715068 0.0595967 -24.6346 
0.715423 0.698435 0.0189326 221.344 
-0.0551625 0.0294501 0.998043 -1671.35 
0 0 0 1 

Matrix 20 (4x4):
0.696534 -0.715072 0.0592648 -24.6353 
0.715416 0.698441 0.0189685 221.342 
-0.0549568 0.0291869 0.998062 -1671.35 
0 0 0 1 

Matrix 21 (4x4):
0.696517 -0.715075 0.0594341 -24.6309 
0.715414 0.698439 0.0191453 221.351 
-0.0552014 0.029185 0.998049 -1671.35 
0 0 0 1 

Matrix 22 (4x4):
0.696511 -0.715077 0.0594733 -24.6317 
0.715419 0.698434 0.0191247 221.353 
-0.0552138 0.0292278 0.998047 -1671.35 
0 0 0 1 

Matrix 23 (4x4):
0.696527 -0.715064 0.0594496 -24.6326 
0.715413 0.698444 0.0189738 221.35 
-0.0550897 0.0293153 0.998051 -1671.34 
0 0 0 1 

Matrix 24 (4x4):
0.696511 -0.715088 0.0593443 -24.6334 
0.715409 0.698436 0.0194139 221.358 
-0.0553308 0.0289335 0.998049 -1671.33 
0 0 0 1 

Matrix 25 (4x4):
0.696517 -0.715055 0.0596685 -24.631 
0.7154 0.698452 0.0191798 221.351 
-0.0553902 0.0293277 0.998034 -1671.34 
0 0 0 1 

