Matrix 1 (4x4):
0.0511324 -0.226292 0.972717 78.9904 
-0.557553 0.801604 0.215793 73.2367 
-0.828565 -0.553375 -0.0851817 -149.613 
2.67932e-16 1.62264e-15 2.20222e-17 1 

Matrix 2 (4x4):
0.103908 0.0435647 0.993632 146.495 
-0.652657 0.756841 0.0350682 30.0194 
-0.750494 -0.652145 0.107075 -92.3083 
2.63087e-16 -3.47987e-16 1.80549e-17 1 

Matrix 3 (4x4):
-0.344121 -0.134466 0.929247 12.3489 
-0.691364 0.70593 -0.153877 -39.7947 
-0.635292 -0.6954 -0.33589 -273.403 
1.18103e-21 6.65994e-22 1.08676e-19 1 

Matrix 4 (4x4):
0.28684 0.339632 0.895753 212.774 
-0.12908 0.94022 -0.315158 30.8581 
-0.949242 -0.0252237 0.313533 33.9122 
-1.19833e-20 6.32856e-21 2.16417e-19 1 

Matrix 5 (4x4):
0.17201 -0.127442 0.976817 144.427 
-0.796116 0.566027 0.214037 7.06722 
-0.580182 -0.814476 -0.00409623 -169.886 
-1.45398e-15 -4.36666e-16 -9.22162e-17 1 

Matrix 6 (4x4):
0.0633744 0.493275 0.867562 153.803 
-0.0570461 0.869678 -0.490311 49.5658 
-0.996358 -0.0184179 0.0832547 -105.392 
-1.17991e-21 1.21147e-21 -1.00042e-22 1 

Matrix 7 (4x4):
0.247135 0.27769 0.928339 169.099 
-0.206476 0.951145 -0.229546 29.3655 
-0.946727 -0.13495 0.292397 -16.2262 
-1.86418e-20 -3.28566e-21 1.07695e-19 1 

Matrix 8 (4x4):
0.349992 -0.28171 0.89339 86.9792 
0.117825 -0.932896 -0.340327 -162.358 
0.929313 0.224375 -0.293313 129.96 
8.84979e-22 -9.08543e-22 7.52153e-23 1 

Matrix 9 (4x4):
0.0124031 0.35916 0.933194 143.792 
-0.243983 0.906144 -0.345507 -10.286 
-0.9697 -0.223398 0.098868 -72.3487 
-1.56846e-20 -6.3298e-21 1.07947e-19 1 

Matrix 10 (4x4):
0.144402 0.396322 0.906685 223.787 
-0.364934 0.873028 -0.323489 -39.867 
-0.919767 -0.284167 0.270699 -6.0085 
6.00852e-21 -3.16884e-21 -1.08207e-19 1 

Matrix 11 (4x4):
-0.0713816 0.164145 0.98385 183.534 
-0.77991 0.605714 -0.157642 -6.54695 
-0.621808 -0.778567 0.0847817 -174.435 
-4.13552e-16 1.05773e-16 -3.20122e-17 1 

Matrix 12 (4x4):
-0.278789 -0.168332 0.945485 44.428 
-0.922442 0.320828 -0.214875 -107.566 
-0.267167 -0.932059 -0.244719 -261.272 
-2.49532e-16 -4.87996e-16 1.08963e-17 1 

Matrix 13 (4x4):
0.0614438 0.412302 0.908973 84.0246 
-0.116889 0.907399 -0.403687 53.7005 
-0.991242 -0.0814449 0.103948 -93.0449 
-1.30827e-21 -8.36686e-21 1.74972e-22 1 

Matrix 14 (4x4):
-0.30269 0.0488188 0.951838 -15.2613 
-0.602971 0.763613 -0.230913 31.7746 
-0.738109 -0.643826 -0.201702 -247.197 
4.77858e-21 -4.32354e-21 -1.08242e-19 1 

Matrix 15 (4x4):
-0.141063 0.233899 0.961973 66.5981 
-0.78755 0.56228 -0.252201 -70.0092 
-0.599888 -0.793179 0.104891 -145.884 
-9.0372e-16 -1.29699e-16 -5.43285e-17 1 

Matrix 16 (4x4):
0.154471 0.216071 0.964081 151.524 
-0.387822 0.910734 -0.141975 14.2567 
-0.908698 -0.351961 0.224479 -52.6691 
-9.07597e-16 1.87117e-15 -2.26486e-17 1 

Matrix 17 (4x4):
-0.0714782 0.100227 0.992394 81.2881 
-0.761731 0.636837 -0.119182 -39.6823 
-0.643939 -0.764456 0.0308263 -135.746 
1.74337e-16 4.03738e-16 2.08344e-17 1 

Matrix 18 (4x4):
0.0357713 0.719475 0.693596 179.562 
-0.103792 0.692962 -0.713464 -0.158898 
-0.993956 -0.0464684 0.099464 -54.4513 
5.89945e-22 -6.0569e-22 5.0683e-23 1 

Matrix 19 (4x4):
-0.303324 0.553534 0.775626 135.468 
-0.505054 0.596844 -0.623456 -66.4366 
-0.808032 -0.580842 0.0985278 -126.98 
-7.81471e-21 2.2091e-22 1.08194e-19 1 

Matrix 20 (4x4):
0.102586 0.208538 0.972619 167.357 
-0.877414 0.479624 -0.0102908 -87.9607 
-0.468638 -0.852334 0.232176 -117.304 
-8.31838e-21 5.58721e-21 1.08009e-19 1 

Matrix 21 (4x4):
0.301805 0.237909 0.923208 169.694 
-0.108485 0.970643 -0.214669 99.8689 
-0.947177 -0.0353658 0.318755 -53.6966 
2.24865e-20 -2.56058e-21 -2.15946e-19 1 

Matrix 22 (4x4):
0.336512 0.513995 0.78903 110.791 
-0.16989 0.857286 -0.486002 -7.1731 
-0.926227 0.0294974 0.37581 -20.1209 
1.08342e-20 1.56389e-21 -1.08079e-19 1 

Matrix 23 (4x4):
-0.0627431 0.240808 0.968543 117.602 
-0.982883 0.153521 -0.101842 -150.924 
-0.173216 -0.958354 0.227054 -99.5052 
4.92989e-21 5.7006e-21 -2.17159e-19 1 

Matrix 24 (4x4):
0.0676686 -0.038701 0.996957 149.526 
-0.817035 0.571338 0.0776352 -14.5036 
-0.572604 -0.819802 0.00704153 -172.213 
-4.8297e-16 1.00215e-15 -3.18201e-17 1 

Matrix 25 (4x4):
0.0571291 0.337969 0.939422 117.68 
-0.279656 0.908706 -0.309912 85.8293 
-0.958399 -0.24501 0.146429 -138.091 
4.88567e-21 -4.45758e-21 -1.08232e-19 1 

