Matrix 1 (4x4):
0.237987 -0.845457 0.478084 117.905 
-0.443243 0.343444 0.827999 112.783 
-0.864233 -0.40896 -0.293008 -98.5311 
1.30104e-18 -1.0842e-19 8.67362e-19 1 

Matrix 2 (4x4):
-0.209697 -0.975375 0.0683374 -10.8436 
0.743315 -0.113619 0.659222 98.5279 
-0.635225 0.189033 0.748836 28.3325 
1.73472e-18 -1.0842e-19 0 1 

Matrix 3 (4x4):
0.11438 -0.930866 0.346996 44.0301 
-0.633738 0.200616 0.747081 117.198 
-0.765045 -0.305356 -0.566978 -181.832 
-4.33681e-19 -1.0842e-19 8.67362e-19 1 

Matrix 4 (4x4):
-0.058257 -0.997739 0.0334974 34.3258 
0.429631 0.00523062 0.90299 102.68 
-0.901124 0.066997 0.428355 -4.36361 
0 0 0 1 

Matrix 5 (4x4):
0.590656 -0.8069 0.00612941 91.0993 
-0.245808 -0.172688 0.953812 73.554 
-0.768573 -0.564881 -0.300342 -92.2626 
1.47365e-15 4.63822e-16 -1.43548e-15 1 

Matrix 6 (4x4):
0.0551834 -0.976095 0.210223 77.5241 
0.569175 0.203738 0.796575 96.2794 
-0.820363 0.0756959 0.566811 15.024 
-4.33681e-19 0 8.67362e-19 1 

Matrix 7 (4x4):
0.176621 -0.982342 0.0617138 25.1117 
0.424567 0.132602 0.895634 110.675 
-0.888002 -0.131986 0.44049 -8.10456 
-8.67362e-19 0 -8.67362e-19 1 

Matrix 8 (4x4):
0.431042 -0.89495 0.115182 17.4025 
0.67347 0.404039 0.619025 117.78 
-0.600534 -0.189254 0.776879 48.87 
-4.33681e-19 0 -1.73472e-18 1 

Matrix 9 (4x4):
0.4144 -0.900426 0.13231 81.7903 
-0.0595669 0.118234 0.991198 123.017 
-0.908143 -0.418634 -0.00463933 -55.5341 
4.33681e-19 2.1684e-19 8.67362e-19 1 

Matrix 10 (4x4):
0.0574781 -0.904204 0.423215 85.8611 
-0.197711 0.405211 0.892589 69.682 
-0.978574 -0.134979 -0.15548 -87.8274 
-1.10589e-15 8.74084e-16 1.05211e-15 1 

Matrix 11 (4x4):
0.3741 -0.854638 0.360059 60.1329 
-0.398472 0.202454 0.894557 108.889 
-0.837418 -0.478128 -0.264811 -141.729 
4.33681e-19 -2.1684e-19 0 1 

Matrix 12 (4x4):
0.350832 -0.882125 0.314279 70.7886 
-0.175571 0.267698 0.947371 132.737 
-0.919832 -0.387547 -0.0609587 -120.957 
-4.33681e-19 1.0842e-19 0 1 

Matrix 13 (4x4):
-0.07386 -0.987348 0.140319 37.9181 
0.0562508 0.136355 0.989062 168.534 
-0.995681 0.0809452 0.0454679 -79.8277 
0 0 -1.73472e-18 1 

Matrix 14 (4x4):
0.155157 -0.987844 0.0095109 -21.3438 
0.744733 0.123288 0.655875 115.504 
-0.649075 -0.0946808 0.754809 38.5001 
4.33681e-19 -8.67362e-19 -8.67362e-19 1 

Matrix 15 (4x4):
0.255739 -0.888039 0.382079 99.0542 
-0.117051 0.363871 0.924066 104.943 
-0.959633 -0.281043 -0.0108896 -78.7046 
-1.30104e-18 2.1684e-19 0 1 

Matrix 16 (4x4):
-0.694281 -0.718398 0.0433373 33.1812 
0.236732 -0.171091 0.956392 115.28 
-0.679656 0.674264 0.288853 30.4698 
2.1684e-19 0 -3.46945e-18 1 

Matrix 17 (4x4):
0.720755 -0.687266 0.090434 51.8305 
-0.145525 -0.0224656 0.989099 135.11 
-0.677742 -0.726059 -0.116207 -67.4785 
-1.73472e-18 1.0842e-19 -2.60209e-18 1 

Matrix 18 (4x4):
0.00693646 -0.99638 0.0847231 27.0147 
0.73167 0.0628091 0.678759 132.88 
-0.681624 0.0572811 0.729457 39.8189 
4.33681e-19 -1.0842e-19 -1.73472e-18 1 

Matrix 19 (4x4):
0.0450596 -0.920517 0.388095 83.3054 
-0.339364 0.351282 0.872602 116.074 
-0.939575 -0.171025 -0.296562 -119.924 
0 0 1.73472e-18 1 

Matrix 20 (4x4):
-0.537893 -0.840246 -0.0682433 -46.2764 
0.00773146 -0.0858652 0.996277 172.14 
-0.842978 0.535363 0.0526826 77.6924 
-4.33681e-19 4.33681e-19 1.73472e-18 1 

Matrix 21 (4x4):
-0.392748 -0.892876 0.220277 34.8721 
0.468596 0.0118031 0.883334 137.446 
-0.791307 0.450148 0.413762 -0.465969 
3.06179e-16 -1.7434e-16 -1.60462e-16 1 

Matrix 22 (4x4):
0.666842 -0.713983 0.213425 84.7756 
-0.312877 -0.00831577 0.949757 92.2114 
-0.676336 -0.700114 -0.228935 -117.759 
4.33681e-19 3.25261e-19 1.73472e-18 1 

Matrix 23 (4x4):
0.193159 -0.967036 0.165923 42.0653 
0.09384 0.18654 0.977955 86.7954 
-0.97667 -0.173331 0.126779 -46.337 
-2.60209e-18 2.1684e-19 0 1 

Matrix 24 (4x4):
0.210033 -0.943713 0.255522 90.0751 
0.766387 0.321196 0.556314 84.5387 
-0.607073 0.0789849 0.790711 15.9904 
-5.45571e-16 1.04083e-17 4.96998e-16 1 

Matrix 25 (4x4):
0.486811 -0.727266 0.483838 97.621 
-0.270137 0.401405 0.875157 95.691 
-0.830687 -0.556739 -0.00105279 -98.8641 
8.67362e-19 2.1684e-19 8.67362e-19 1 

Matrix 26 (4x4):
-0.446733 -0.861063 0.2429 36.139 
0.39632 0.052945 0.916585 104.791 
-0.802097 0.505735 0.317604 16.7788 
1.0842e-19 -2.1684e-19 1.73472e-18 1 

Matrix 27 (4x4):
-0.0757926 -0.980123 0.183344 37.6721 
0.813153 0.0456633 0.580256 121.023 
-0.577094 0.193066 0.793529 72.7733 
-1.30104e-18 2.1684e-19 -1.73472e-18 1 

Matrix 28 (4x4):
0.514289 -0.836738 0.188087 100.912 
-0.222541 0.0815987 0.971503 81.2667 
-0.828241 -0.54149 -0.144243 -63.3229 
8.67362e-19 -1.30104e-18 2.60209e-18 1 

Matrix 29 (4x4):
-0.374554 -0.926369 0.039357 -32.1583 
0.206772 -0.0420742 0.977484 153.427 
-0.903856 0.374258 0.207306 58.1713 
1.92066e-15 -8.12501e-16 3.34802e-16 1 

Matrix 30 (4x4):
0.574417 -0.717643 0.393743 121.983 
-0.373242 0.198477 0.906255 102.768 
-0.728516 -0.66753 -0.153845 -74.4494 
4.33681e-19 1.0842e-19 0 1 

