==========================================================
            Iterative Calibration Detailed Report
==========================================================

Summary:
Initial Avg Translation Error: 3.1934 mm
Final Avg Translation Error:   2.01062 mm
Total Iterations Executed:     10
Removed Groups (Original IDs): 10 13 3 16 5 22 26 20 29 11 

Iteration Process History:
Iter | AvgTransErr(mm) | AvgRotErr(deg) | RemainingGroups
--------------------------------------------------------
0    | 3.193398        | 1.382699       | 30
1    | 2.932627        | 1.344423       | 29
2    | 2.704319        | 1.366873       | 28
3    | 2.560945        | 1.373335       | 27
4    | 2.600095        | 1.342000       | 26
5    | 2.667531        | 1.374788       | 25
6    | 2.642676        | 1.383326       | 24
7    | 2.686098        | 1.391240       | 23
8    | 2.265496        | 1.218371       | 22
9    | 2.143890        | 1.127652       | 21
10   | 2.010621        | 1.064575       | 20

>>> Initial Detailed Errors (Iteration 0)
GroupID | TranslationErr(mm) | RotationErr(deg)
-----------------------------------------------
1       | 1.169655           | 0.788078
2       | 1.532479           | 0.606159
3       | 6.110146           | 1.388759
4       | 1.642933           | 0.627679
5       | 3.831724           | 0.507319
6       | 2.185848           | 0.597153
7       | 0.954917           | 1.409491
8       | 2.629183           | 1.228229
9       | 1.217276           | 0.729082
10      | 15.347761          | 2.819218
11      | 3.748237           | 2.269791
12      | 2.256768           | 1.802668
13      | 6.955611           | 0.751266
14      | 2.474683           | 1.804542
15      | 0.892693           | 1.144502
16      | 4.905941           | 2.011608
17      | 2.547920           | 0.616916
18      | 1.696224           | 1.210457
19      | 1.343557           | 1.446373
20      | 3.214744           | 3.976943
21      | 3.009803           | 0.684677
22      | 3.812881           | 1.220911
23      | 3.789422           | 1.337120
24      | 1.897834           | 1.157740
25      | 2.079199           | 1.746173
26      | 3.700639           | 1.064017
27      | 2.169042           | 2.530584
28      | 2.349520           | 0.703978
29      | 3.612965           | 2.440175
30      | 2.722333           | 0.859371

>>> Final Detailed Errors (Optimized)
GroupID | TranslationErr(mm) | RotationErr(deg)
-----------------------------------------------
1       | 0.941738           | 0.795365
2       | 2.223397           | 1.107498
4       | 1.617151           | 0.912297
6       | 2.424899           | 0.344375
7       | 1.452520           | 1.517634
8       | 1.272432           | 0.689324
9       | 0.780813           | 0.526637
12      | 2.428320           | 1.688869
14      | 1.764577           | 1.562349
15      | 1.408511           | 1.005097
17      | 1.636903           | 0.282745
18      | 1.146994           | 0.920492
19      | 1.831316           | 1.252095
21      | 2.234934           | 1.391793
23      | 3.732660           | 1.311441
24      | 2.626712           | 0.931374
25      | 3.345592           | 1.787251
27      | 1.796593           | 1.901112
28      | 2.198592           | 0.458554
30      | 3.347768           | 0.905206

>>> Final Calibration Matrices:

tool1_2EMsensor:
0.963903     -0.117992    -0.238680    23.529880    
-0.231618    0.070523     -0.970247    33.346644    
0.131314     0.990507     0.040648     -0.162820    
0.000000     -0.000000    0.000000     1.000000     

EM_2tool2:
0.704653     -0.027065    0.709036     10.633076    
-0.708406    0.029923     0.705170     -59.527954   
-0.040302    -0.999186    0.001912     -123.436444  
0.000000     0.000000     0.000000     1.000000     
