Matrix 1 (4x4):
0.237987 -0.443243 -0.864233 -63.2233 
-0.845457 0.343444 -0.40896 20.6534 
0.478084 0.827999 -0.293008 -178.623 
0 0 0 1 

Matrix 2 (4x4):
-0.209697 0.743315 -0.635225 -57.5136 
-0.975375 -0.113619 0.189033 -4.73779 
0.0683374 0.659222 0.748836 -85.4272 
0 0 0 1 

Matrix 3 (4x4):
0.11438 -0.633738 -0.765045 -69.8728 
-0.930866 0.200616 -0.305356 -38.0491 
0.346996 0.747081 -0.566978 -205.929 
0 0 0 1 

Matrix 4 (4x4):
-0.058257 0.429631 -0.901124 -46.0471 
-0.997739 0.00523062 0.066997 34.0035 
0.0334974 0.90299 0.428355 -92 
0 0 0 1 

Matrix 5 (4x4):
0.590656 -0.245808 -0.768573 -106.639 
-0.8069 -0.172688 -0.564881 34.0925 
0.00612941 0.953812 -0.300342 -98.4253 
0 0 0 1 

Matrix 6 (4x4):
0.0551834 0.569175 -0.820363 -46.7527 
-0.976095 0.203738 0.0756959 54.9179 
0.210223 0.796575 0.566811 -101.507 
0 0 0 1 

Matrix 7 (4x4):
0.176621 0.424567 -0.888002 -58.6209 
-0.982342 0.132602 -0.131986 8.92295 
0.0617138 0.895634 0.44049 -97.1037 
0 0 0 1 

Matrix 8 (4x4):
0.431042 0.67347 -0.600534 -57.4745 
-0.89495 0.404039 -0.189254 -22.7646 
0.115182 0.619025 0.776879 -112.879 
0 0 0 1 

Matrix 9 (4x4):
0.4144 -0.0595669 -0.908143 -76.9991 
-0.900426 0.118234 -0.418634 35.8528 
0.13231 0.991198 -0.00463933 -133.014 
0 0 0 1 

Matrix 10 (4x4):
0.0574781 -0.197711 -0.978574 -77.1038 
-0.904204 0.405211 -0.134979 37.5453 
0.423215 0.892589 -0.15548 -112.191 
0 0 0 1 

Matrix 11 (4x4):
0.3741 -0.398472 -0.837418 -97.7933 
-0.854638 0.202454 -0.478128 -38.4179 
0.360059 0.894557 -0.264811 -156.59 
0 0 0 1 

Matrix 12 (4x4):
0.350832 -0.175571 -0.919832 -112.79 
-0.882125 0.267698 -0.387547 -19.9654 
0.314279 0.947371 -0.0609587 -155.372 
0 0 0 1 

Matrix 13 (4x4):
-0.07386 0.0562508 -0.995681 -86.1625 
-0.987348 0.136355 0.0809452 20.9195 
0.140319 0.989062 0.0454679 -168.382 
0 0 0 1 

Matrix 14 (4x4):
0.155157 0.744733 -0.649075 -57.7185 
-0.987844 0.123288 -0.0946808 -31.6793 
0.0095109 0.655875 0.754809 -104.613 
0 0 0 1 

Matrix 15 (4x4):
0.255739 -0.117051 -0.959633 -88.576 
-0.888039 0.363871 -0.281043 27.6591 
0.382079 0.924066 -0.0108896 -135.678 
0 0 0 1 

Matrix 16 (4x4):
-0.694281 0.236732 -0.679656 16.4555 
-0.718398 -0.171091 0.674264 23.016 
0.0433373 0.956392 0.288853 -120.492 
0 0 0 1 

Matrix 17 (4x4):
0.720755 -0.145525 -0.677742 -63.4282 
-0.687266 -0.0224656 -0.726059 -10.3367 
0.090434 0.989099 -0.116207 -146.166 
0 0 0 1 

Matrix 18 (4x4):
0.00693646 0.73167 -0.681624 -70.2701 
-0.99638 0.0628091 0.0572811 16.29 
0.0847231 0.678759 0.729457 -121.529 
0 0 0 1 

Matrix 19 (4x4):
0.0450596 -0.339364 -0.939575 -77.04 
-0.920517 0.351282 -0.171025 15.3996 
0.388095 0.872602 -0.296562 -169.181 
0 0 0 1 

Matrix 20 (4x4):
-0.537893 0.00773146 -0.842978 39.2703 
-0.840246 -0.0858652 0.535363 -65.6964 
-0.0682433 0.996277 0.0526826 -178.75 
0 0 0 1 

Matrix 21 (4x4):
-0.392748 0.468596 -0.791307 -51.0793 
-0.892876 0.0118031 0.450148 29.7239 
0.220277 0.883334 0.413762 -128.899 
0 0 0 1 

Matrix 22 (4x4):
0.666842 -0.312877 -0.676336 -107.325 
-0.713983 -0.00831577 -0.700114 -21.1492 
0.213425 0.949757 -0.228935 -132.631 
0 0 0 1 

Matrix 23 (4x4):
0.193159 0.09384 -0.97667 -61.5261 
-0.967036 0.18654 -0.173331 16.4562 
0.165923 0.977955 0.126779 -85.987 
0 0 0 1 

Matrix 24 (4x4):
0.210033 0.766387 -0.607073 -74.0007 
-0.943713 0.321196 0.0789849 56.5885 
0.255522 0.556314 0.790711 -82.69 
0 0 0 1 

Matrix 25 (4x4):
0.486811 -0.270137 -0.830687 -103.799 
-0.727266 0.401405 -0.556739 -22.4559 
0.483838 0.875157 -0.00105279 -131.081 
0 0 0 1 

Matrix 26 (4x4):
-0.446733 0.39632 -0.802097 -11.9279 
-0.861063 0.052945 0.505735 17.0842 
0.2429 0.916585 0.317604 -110.157 
0 0 0 1 

Matrix 27 (4x4):
-0.0757926 0.813153 -0.577094 -53.5583 
-0.980123 0.0456633 0.193066 17.3469 
0.183344 0.580256 0.793529 -134.879 
0 0 0 1 

Matrix 28 (4x4):
0.514289 -0.222541 -0.828241 -86.2592 
-0.836738 0.0815987 -0.54149 43.5167 
0.188087 0.971503 -0.144243 -107.065 
0 0 0 1 

Matrix 29 (4x4):
-0.374554 0.206772 -0.903856 8.80901 
-0.926369 -0.0420742 0.374258 -45.1062 
0.039357 0.977484 0.207306 -160.766 
0 0 0 1 

Matrix 30 (4x4):
0.574417 -0.373242 -0.728516 -85.9495 
-0.717643 0.198477 -0.66753 17.4461 
0.393743 0.906255 -0.153845 -152.617 
0 0 0 1 

