Matrix 1 (4x4):
0.349649 -0.890737 0.290402 -120.016 
0.297573 -0.18833 -0.935939 -36.0124 
0.888367 0.413666 0.19921 -1630.13 
0 0 0 1 

Matrix 2 (4x4):
-0.342706 -0.549563 -0.761927 -74.7454 
0.10396 0.783875 -0.612153 43.0002 
0.933673 -0.288998 -0.211506 -1595.41 
0 0 0 1 

Matrix 3 (4x4):
0.277439 -0.826985 0.489003 -133.264 
0.161569 -0.461573 -0.872265 -66.9234 
0.94706 0.321008 0.00555696 -1559.67 
0 0 0 1 

Matrix 4 (4x4):
-0.15834 -0.847516 -0.506602 -74.1691 
-0.020833 0.515828 -0.856439 38.8853 
0.987165 -0.125054 -0.0993324 -1638.59 
0 0 0 1 

Matrix 5 (4x4):
0.608484 -0.792889 -0.0327808 -142.819 
-0.221875 -0.130322 -0.966327 41.1584 
0.761918 0.595268 -0.255221 -1631.5 
0 0 0 1 

Matrix 6 (4x4):
-0.0497085 -0.763368 -0.644049 -70.5551 
0.184699 0.626698 -0.757058 27.996 
0.981537 -0.156587 0.109841 -1667.07 
0 0 0 1 

Matrix 7 (4x4):
0.0795022 -0.84074 -0.535571 -79.3771 
0.0116394 0.538018 -0.842853 35.7029 
0.996767 0.0607749 0.0525593 -1617.38 
0 0 0 1 

Matrix 8 (4x4):
0.318895 -0.532509 -0.784053 -63.7355 
0.127229 0.843808 -0.521346 14.6542 
0.939212 0.0665 0.336837 -1598.14 
0 0 0 1 

Matrix 9 (4x4):
0.398083 -0.905245 -0.148531 -114.366 
-0.0481817 0.141058 -0.988828 5.18098 
0.916083 0.400792 0.0125364 -1640.68 
0 0 0 1 

Matrix 10 (4x4):
0.0854201 -0.991065 0.102434 -121.753 
0.299316 -0.0725357 -0.951393 40.7907 
0.950323 0.111928 0.290446 -1660.91 
0 0 0 1 

Matrix 11 (4x4):
0.465713 -0.869259 0.165832 -143.66 
0.130597 -0.117831 -0.984409 -7.28944 
0.875246 0.480109 0.058647 -1564.9 
0 0 0 1 

Matrix 12 (4x4):
0.38284 -0.923272 -0.0316543 -152.054 
0.110851 0.079928 -0.990618 -6.2564 
0.91714 0.375739 0.132945 -1584.2 
0 0 0 1 

Matrix 13 (4x4):
-0.0947179 -0.985162 -0.143122 -134.136 
-0.00938001 0.144646 -0.989439 -33.3324 
0.99546 -0.0923751 -0.0229414 -1617.86 
0 0 0 1 

Matrix 14 (4x4):
0.0377527 -0.569373 -0.821212 -64.9633 
0.0531453 0.821779 -0.567323 24.0949 
0.997873 -0.0222256 0.0612839 -1577.13 
0 0 0 1 

Matrix 15 (4x4):
0.278409 -0.95943 -0.044532 -131.962 
0.207861 0.105454 -0.972457 8.4736 
0.9377 0.261485 0.228788 -1639.37 
0 0 0 1 

Matrix 16 (4x4):
-0.728719 -0.666247 -0.158374 -34.5947 
-0.0571591 0.289635 -0.955429 11.886 
0.682423 -0.687187 -0.249144 -1627.73 
0 0 0 1 

Matrix 17 (4x4):
0.717407 -0.68331 -0.135698 -92.8443 
-0.139899 0.0495109 -0.988927 -5.10616 
0.682462 0.728448 -0.0600748 -1595.47 
0 0 0 1 

Matrix 18 (4x4):
-0.112183 -0.602324 -0.79033 -86.9982 
0.113901 0.782313 -0.612382 6.23118 
0.987138 -0.158718 -0.0191564 -1619.31 
0 0 0 1 

Matrix 19 (4x4):
0.13934 -0.966125 0.217223 -134.409 
0.197014 -0.187931 -0.96222 -26.3391 
0.970448 0.176872 0.164154 -1621.77 
0 0 0 1 

Matrix 20 (4x4):
-0.51102 -0.858263 0.0473557 -9.91677 
-0.250886 0.0962334 -0.963221 -39.7469 
0.82214 -0.504106 -0.264503 -1536.97 
0 0 0 1 

Matrix 21 (4x4):
-0.481359 -0.750551 -0.452732 -87.9119 
0.149912 0.438404 -0.886188 5.39311 
0.863609 -0.494445 -0.0985135 -1632.6 
0 0 0 1 

Matrix 22 (4x4):
0.710354 -0.703584 0.0191507 -141.791 
-0.0355438 -0.0630332 -0.997378 15.7681 
0.702947 0.707811 -0.069784 -1582.14 
0 0 0 1 

Matrix 23 (4x4):
0.141049 -0.961454 -0.236035 -95.513 
0.0179721 0.240866 -0.970392 49.8464 
0.98984 0.13263 0.0512531 -1627.43 
0 0 0 1 

Matrix 24 (4x4):
0.0799077 -0.536691 -0.839986 -87.2861 
0.288098 0.819152 -0.495973 40.1267 
0.954261 -0.202366 0.220076 -1673.18 
0 0 0 1 

Matrix 25 (4x4):
0.544735 -0.837076 0.0506676 -142.164 
0.285555 0.128341 -0.94973 19.5977 
0.788494 0.531819 0.308943 -1594.24 
0 0 0 1 

Matrix 26 (4x4):
-0.514845 -0.774665 -0.367191 -49.9025 
0.16758 0.329114 -0.929301 26.7841 
0.840745 -0.539979 -0.0396246 -1626.67 
0 0 0 1 

Matrix 27 (4x4):
-0.173195 -0.494941 -0.851491 -70.1095 
0.249855 0.814193 -0.524082 -9.27776 
0.952668 -0.303518 -0.0173509 -1621.39 
0 0 0 1 

Matrix 28 (4x4):
0.539239 -0.841966 -0.0177287 -125.467 
-0.0220885 0.00690405 -0.999732 33.9872 
0.841863 0.539486 -0.0148749 -1650.2 
0 0 0 1 

Matrix 29 (4x4):
-0.405588 -0.892845 -0.195771 -29.2878 
-0.0728819 0.245085 -0.966758 -19.2946 
0.911146 -0.377837 -0.164476 -1557.29 
0 0 0 1 

Matrix 30 (4x4):
0.647225 -0.749848 0.137214 -130.265 
0.183388 -0.0215528 -0.982804 -6.35463 
0.739911 0.661259 0.123564 -1627.92 
0 0 0 1 

