Matrix 1 (4x4):
0.347684 -0.837433 -0.421689 -140.022 
-0.012169 0.44568 -0.89511 -105.834 
0.937533 0.316347 0.144765 -133.643 
-1.03425e-19 -2.67421e-20 -2.75019e-20 1 

Matrix 2 (4x4):
-0.300361 0.139708 -0.943538 -58.7208 
0.300253 0.952774 0.0454945 -76.6647 
0.905335 -0.269636 -0.328124 -88.531 
-9.468e-20 6.69277e-20 3.2059e-21 1 

Matrix 3 (4x4):
0.19733 -0.957919 -0.20845 -178.721 
-0.0666299 0.199034 -0.977725 -120.602 
0.97807 0.206823 -0.0245507 -67.4818 
9.67308e-20 5.2267e-20 5.79666e-21 1 

Matrix 4 (4x4):
-0.251424 -0.27792 -0.927117 -55.7448 
0.084579 0.947914 -0.307092 -79.9429 
0.964175 -0.155625 -0.214822 -131.687 
1.07295e-21 5.74299e-21 3.43287e-21 1 

Matrix 5 (4x4):
0.214949 -0.74872 -0.627068 -106.19 
-0.572164 0.423805 -0.702152 -32.8908 
0.79147 0.509713 -0.337294 -130.538 
3.3232e-19 2.67062e-19 -8.42699e-20 1 

Matrix 6 (4x4):
-0.0354316 -0.138615 -0.989712 -56.6652 
0.166803 0.975622 -0.142614 -90.3452 
0.985353 -0.17014 -0.0114464 -160.589 
1.00739e-19 -4.43094e-20 2.37006e-20 1 

Matrix 7 (4x4):
-0.05427 -0.280904 -0.9582 -64.2632 
-0.0483671 0.959228 -0.278466 -78.9837 
0.997354 0.031233 -0.0656437 -111.366 
2.16678e-19 7.48139e-21 7.7678e-21 1 

Matrix 8 (4x4):
0.206617 0.148619 -0.967069 -68.7305 
-0.11955 0.984825 0.125805 -105.216 
0.971091 0.0896197 0.221249 -92.6622 
-1.99774e-19 -6.5926e-21 -8.54184e-20 1 

Matrix 9 (4x4):
0.153622 -0.630621 -0.760735 -107.515 
-0.303496 0.702548 -0.643674 -78.644 
0.940367 0.329763 -0.083464 -140.147 
-2.01994e-19 -7.8862e-20 -1.5113e-20 1 

Matrix 10 (4x4):
0.144701 -0.799564 -0.582888 -87.2435 
0.163645 0.600314 -0.782843 -46.9366 
0.975849 0.0178916 0.217711 -157.873 
-2.01433e-19 -3.19694e-20 -7.51801e-20 1 

Matrix 11 (4x4):
0.326385 -0.783189 -0.529233 -146.74 
-0.213822 0.484207 -0.848424 -68.9807 
0.920735 0.390075 -0.00942488 -68.5255 
-1.75489e-20 3.10485e-20 7.72262e-21 1 

Matrix 12 (4x4):
0.246586 -0.681056 -0.689462 -149.972 
-0.174184 0.668698 -0.722843 -62.557 
0.953339 0.298337 0.0462627 -88.3559 
-5.18844e-21 1.25127e-20 4.28995e-22 1 

Matrix 13 (4x4):
-0.197808 -0.62787 -0.752762 -150.262 
0.0507301 0.76035 -0.64753 -94.5309 
0.978927 -0.166274 -0.118552 -122.506 
1.08055e-19 -1.19756e-20 1.09221e-20 1 

Matrix 14 (4x4):
-0.0581588 0.117458 -0.991373 -66.0337 
0.0104973 0.993071 0.117044 -97.4142 
0.998252 -0.00359965 -0.0589888 -71.0974 
2.16682e-19 -3.13895e-20 -1.2815e-21 1 

Matrix 15 (4x4):
0.22988 -0.677389 -0.698784 -118.639 
-0.032671 0.712237 -0.701178 -64.5036 
0.97267 0.184017 0.141598 -140.132 
1.09186e-19 2.47072e-20 -1.85508e-21 1 

Matrix 16 (4x4):
-0.663371 -0.222906 -0.714319 -45.2505 
0.435741 0.660985 -0.610925 -126.401 
0.608333 -0.716528 -0.341349 -119.704 
-4.16334e-21 -8.43995e-21 1.18753e-20 1 

Matrix 17 (4x4):
0.360062 -0.564909 -0.742451 -103.754 
-0.582573 0.485443 -0.651885 -100.769 
0.728673 0.667251 -0.154311 -94.2368 
-1.16187e-20 9.93158e-21 -1.15634e-20 1 

Matrix 18 (4x4):
-0.1286 0.0836244 -0.988165 -89.0653 
0.154991 0.985888 0.0632613 -96.0254 
0.97951 -0.145021 -0.139746 -116.427 
-3.84748e-21 -2.52862e-20 1.12432e-20 1 

Matrix 19 (4x4):
0.114777 -0.86457 -0.48923 -145.379 
0.0514307 0.496996 -0.866228 -89.1443 
0.992059 0.0742615 0.101509 -125.797 
1.03328e-19 3.227e-20 1.48537e-20 1 

Matrix 20 (4x4):
-0.645247 -0.514984 -0.564311 -71.7708 
0.145933 0.641968 -0.752716 -181.877 
0.749906 -0.568039 -0.339075 -31.7581 
8.9074e-20 -6.17754e-20 -1.53025e-20 1 

Matrix 21 (4x4):
-0.365293 -0.211512 -0.906545 -88.6436 
0.426863 0.827364 -0.365043 -96.0142 
0.827254 -0.520318 -0.211944 -129.772 
-9.16009e-20 5.95493e-20 -1.32923e-21 1 

Matrix 22 (4x4):
0.420458 -0.651595 -0.631379 -128.113 
-0.499662 0.414561 -0.760577 -52.8175 
0.757333 0.635266 -0.151272 -83.5842 
-1.67831e-19 -1.40888e-19 -1.22913e-20 1 

Matrix 23 (4x4):
-0.00334614 -0.574451 -0.818532 -65.7936 
-0.0842816 0.815786 -0.57218 -57.6566 
0.996436 0.0670726 -0.0511454 -121.593 
-9.55783e-22 6.51506e-21 1.59943e-21 1 

Matrix 24 (4x4):
0.132519 0.161992 -0.977853 -60.4687 
0.159005 0.970303 0.18229 -70.1881 
0.978344 -0.17964 0.102826 -167.083 
2.06922e-19 -4.38811e-20 4.77214e-20 1 

Matrix 25 (4x4):
0.497213 -0.604127 -0.622743 -124.402 
-0.149525 0.647349 -0.747383 -49.6539 
0.854647 0.464725 0.231538 -95.3059 
-3.51254e-21 1.30838e-20 -1.35579e-20 1 

Matrix 26 (4x4):
-0.375904 -0.295608 -0.878244 -47.011 
0.46234 0.761532 -0.454214 -105.124 
0.80308 -0.576788 -0.149592 -118.743 
-8.19052e-20 7.35037e-20 -3.3219e-21 1 

Matrix 27 (4x4):
-0.0812484 0.20221 -0.975966 -86.3281 
0.297623 0.93945 0.169867 -118.837 
0.95122 -0.276668 -0.136511 -118.336 
3.1e-19 -9.96953e-20 1.87689e-20 1 

Matrix 28 (4x4):
0.284748 -0.68843 -0.667071 -95.7002 
-0.376779 0.559495 -0.738243 -49.6707 
0.881451 0.461551 -0.100071 -148.172 
-1.90157e-19 -1.05478e-19 -1.00832e-20 1 

Matrix 29 (4x4):
-0.460853 -0.458467 -0.759884 -70.3053 
0.209463 0.775849 -0.595134 -153.643 
0.862404 -0.433436 -0.261521 -51.9095 
1.98561e-19 -8.52519e-20 -2.2563e-20 1 

Matrix 30 (4x4):
0.512637 -0.653114 -0.557356 -128.484 
-0.293725 0.476576 -0.828614 -76.8411 
0.806802 0.588487 0.0524749 -129.849 
0 0 0 1 

