Matrix 1 (4x4):
0.347684 -0.012169 0.937533 172.69 
-0.837433 0.44568 0.316347 -27.8133 
-0.421689 -0.89511 0.144765 -134.431 
1.34303e-20 -5.14793e-21 1.61999e-21 1 

Matrix 2 (4x4):
-0.300361 0.300253 0.905335 85.5316 
0.139708 0.952774 -0.269636 57.3768 
-0.943538 0.0454945 -0.328124 -80.9667 
2.2222e-21 2.54185e-21 2.83316e-22 1 

Matrix 3 (4x4):
0.19733 -0.0666299 0.97807 93.2332 
-0.957919 0.199034 0.206823 -133.239 
-0.20845 -0.977725 -0.0245507 -156.827 
1.27242e-19 5.58879e-19 -4.18711e-19 1 

Matrix 4 (4x4):
-0.251424 0.084579 0.964175 119.715 
-0.27792 0.947914 -0.155625 39.7926 
-0.927117 -0.307092 -0.214822 -104.521 
8.29446e-16 5.35985e-16 1.14014e-16 1 

Matrix 5 (4x4):
0.214949 -0.572164 0.79147 107.324 
-0.74872 0.423805 0.509713 0.969326 
-0.627068 -0.702152 -0.337294 -133.713 
-1.79486e-20 -2.20335e-20 2.16168e-19 1 

Matrix 6 (4x4):
-0.0354316 0.166803 0.985353 171.299 
-0.138615 0.975622 -0.17014 52.9656 
-0.989712 -0.142614 -0.0114464 -70.8048 
1.27667e-16 3.28341e-16 2.81463e-17 1 

Matrix 7 (4x4):
-0.05427 -0.0483671 0.997354 103.763 
-0.280904 0.959228 0.031233 61.1898 
-0.9582 -0.278466 -0.0656437 -90.8817 
-3.56553e-17 3.39706e-18 -3.36689e-18 1 

Matrix 8 (4x4):
0.206617 -0.11955 0.971091 91.6057 
0.148619 0.984825 0.0896197 122.138 
-0.967069 0.125805 0.221249 -32.729 
-1.95294e-15 -1.60824e-15 -2.53263e-16 1 

Matrix 9 (4x4):
0.153622 -0.303496 0.940367 124.438 
-0.630621 0.702548 0.329763 33.6654 
-0.760735 -0.643674 -0.083464 -144.108 
2.00567e-19 1.67883e-19 2.53269e-20 1 

Matrix 10 (4x4):
0.144701 0.163645 0.975849 174.366 
-0.799564 0.600314 0.0178916 -38.7554 
-0.582888 -0.782843 0.217711 -53.2264 
-2.56936e-20 -1.05757e-20 2.15266e-19 1 

Matrix 11 (4x4):
0.326385 -0.213822 0.920735 96.238 
-0.783189 0.484207 0.390075 -54.7943 
-0.529233 -0.848424 -0.00942488 -136.83 
1.17315e-20 1.50374e-20 -2.16956e-19 1 

Matrix 12 (4x4):
0.246586 -0.174184 0.953339 110.318 
-0.681056 0.668698 0.298337 -33.9477 
-0.689462 -0.722843 0.0462627 -144.531 
-2.77781e-22 -3.17722e-22 -3.54462e-23 1 

Matrix 13 (4x4):
-0.197808 0.0507301 0.978927 94.9967 
-0.62787 0.76035 -0.166274 -42.8382 
-0.752762 -0.64753 -0.118552 -188.847 
-1.32028e-15 8.92385e-17 -5.70478e-17 1 

Matrix 14 (4x4):
-0.0581588 0.0104973 0.998252 68.1553 
0.117458 0.993071 -0.00359965 104.24 
-0.991373 0.117044 -0.0589888 -58.2563 
-1.93924e-17 -1.87699e-17 -2.89239e-18 1 

Matrix 15 (4x4):
0.22988 -0.032671 0.97267 161.468 
-0.677389 0.712237 0.184017 -8.63611 
-0.698784 -0.701178 0.141598 -108.289 
-5.57524e-16 1.14992e-15 3.53479e-17 1 

Matrix 16 (4x4):
-0.663371 0.435741 0.608333 97.8801 
-0.222906 0.660985 -0.716528 -12.3086 
-0.714319 -0.610925 -0.341349 -150.406 
-1.91889e-20 -1.07555e-20 2.16062e-19 1 

Matrix 17 (4x4):
0.360062 -0.582573 0.728673 47.3201 
-0.564909 0.485443 0.667251 53.1859 
-0.742451 -0.651885 -0.154311 -157.264 
4.07872e-20 9.13712e-21 -4.31882e-19 1 

Matrix 18 (4x4):
-0.1286 0.154991 0.97951 117.471 
0.0836244 0.985888 -0.145021 85.2339 
-0.988165 0.0632613 -0.139746 -98.2067 
9.76831e-21 6.89563e-21 -1.08002e-19 1 

Matrix 19 (4x4):
0.114777 0.0514307 0.992059 146.069 
-0.86457 0.496996 0.0742615 -72.0442 
-0.48923 -0.866228 0.101509 -135.573 
2.35027e-15 -4.65762e-16 9.40965e-17 1 

Matrix 20 (4x4):
-0.645247 0.145933 0.749906 4.04748 
-0.514984 0.641968 -0.568039 61.7582 
-0.564311 -0.752716 -0.339075 -188.171 
-1.25545e-20 -1.05305e-21 1.07689e-19 1 

Matrix 21 (4x4):
-0.365293 0.426863 0.827254 115.958 
-0.211512 0.827364 -0.520318 -6.8331 
-0.906545 -0.365043 -0.211944 -142.913 
3.19491e-20 1.32779e-20 -3.23722e-19 1 

Matrix 22 (4x4):
0.420458 -0.499662 0.757333 90.7761 
-0.651595 0.414561 0.635266 -8.48311 
-0.631379 -0.760577 -0.151272 -133.703 
1.23303e-20 1.57373e-20 -2.16878e-19 1 

Matrix 23 (4x4):
-0.00334614 -0.0842816 0.996436 116.08 
-0.574451 0.815786 0.0670726 17.3958 
-0.818532 -0.57218 -0.0511454 -93.063 
1.05064e-16 2.3393e-16 2.59441e-17 1 

Matrix 24 (4x4):
0.132519 0.159005 0.978344 182.638 
0.161992 0.970303 -0.17964 47.8843 
-0.977853 0.18229 0.102826 -29.1544 
2.15008e-16 -6.14678e-16 -1.39325e-17 1 

Matrix 25 (4x4):
0.497213 -0.149525 0.854647 135.883 
-0.604127 0.647349 0.464725 1.2796 
-0.622743 -0.747383 0.231538 -92.5142 
1.29442e-20 6.12966e-21 -2.16851e-19 1 

Matrix 26 (4x4):
-0.375904 0.46234 0.80308 126.292 
-0.295608 0.761532 -0.576788 -2.33167 
-0.878244 -0.454214 -0.149592 -106.799 
1.31858e-20 4.88291e-22 -1.07614e-19 1 

Matrix 27 (4x4):
-0.0812484 0.297623 0.95122 140.918 
0.20221 0.93945 -0.276668 96.3577 
-0.975966 0.169867 -0.136511 -80.221 
1.26303e-20 4.95772e-21 -1.07662e-19 1 

Matrix 28 (4x4):
0.284748 -0.376779 0.881451 139.142 
-0.68843 0.559495 0.461551 30.2965 
-0.667071 -0.738243 -0.100071 -115.335 
2.71569e-19 2.85768e-19 -7.46606e-20 1 

Matrix 29 (4x4):
-0.460853 0.209463 0.862404 44.549 
-0.458467 0.775849 -0.433436 64.4716 
-0.759884 -0.595134 -0.261521 -158.437 
-5.47981e-16 -1.10335e-15 -6.31307e-17 1 

Matrix 30 (4x4):
0.512637 -0.293725 0.806802 148.058 
-0.653114 0.476576 0.588487 29.1202 
-0.557356 -0.828614 0.0524749 -128.469 
2.79149e-21 9.13892e-21 -1.08846e-19 1 

