Matrix 1 (4x4):
0.745041 -0.66118 0.0880655 -73.8997 
0.65585 0.750213 0.0839155 146.433 
-0.121551 -0.0047627 0.992574 -1515.01 
0 0 0 1 

Matrix 2 (4x4):
0.745065 -0.661171 0.0879251 -73.899 
0.655878 0.750221 0.08362 146.432 
-0.12125 -0.0046342 0.992611 -1515.01 
0 0 0 1 

Matrix 3 (4x4):
0.745 -0.661194 0.0883099 -73.8991 
0.655855 0.750201 0.0839768 146.434 
-0.121775 -0.00464419 0.992547 -1515.02 
0 0 0 1 

Matrix 4 (4x4):
0.745032 -0.661191 0.0880566 -73.8991 
0.655898 0.750204 0.0836195 146.433 
-0.121349 -0.00454308 0.9926 -1515 
0 0 0 1 

Matrix 5 (4x4):
0.745001 -0.661166 0.0885083 -73.8992 
0.655836 0.750227 0.0839025 146.43 
-0.121875 -0.0044605 0.992535 -1515.02 
0 0 0 1 

Matrix 6 (4x4):
0.744999 -0.6612 0.088271 -73.9006 
0.655855 0.750195 0.0840325 146.431 
-0.121783 -0.00471109 0.992546 -1515.01 
0 0 0 1 

Matrix 7 (4x4):
0.745037 -0.661168 0.0881899 -73.8988 
0.655859 0.750224 0.0837405 146.432 
-0.121529 -0.00454962 0.992577 -1515.01 
0 0 0 1 

Matrix 8 (4x4):
0.744982 -0.661191 0.0884816 -73.9012 
0.65587 0.750205 0.0838257 146.433 
-0.121804 -0.00441611 0.992544 -1515.01 
0 0 0 1 

Matrix 9 (4x4):
0.745014 -0.661189 0.0882245 -73.8999 
0.655881 0.750206 0.0837387 146.433 
-0.121554 -0.00452176 0.992575 -1515 
0 0 0 1 

Matrix 10 (4x4):
0.745073 -0.661162 0.0879265 -73.9014 
0.655864 0.750229 0.083661 146.432 
-0.121278 -0.00466568 0.992608 -1515 
0 0 0 1 

Matrix 11 (4x4):
0.745032 -0.661177 0.0881596 -73.9006 
0.65589 0.750217 0.0835601 146.433 
-0.121387 -0.00443194 0.992595 -1515 
0 0 0 1 

Matrix 12 (4x4):
0.745028 -0.661194 0.0880656 -73.9025 
0.655892 0.750201 0.0836949 146.434 
-0.121405 -0.00459358 0.992592 -1515 
0 0 0 1 

Matrix 13 (4x4):
0.745027 -0.661197 0.0880528 -73.9026 
0.655849 0.750197 0.0840664 146.432 
-0.121641 -0.00488237 0.992562 -1515.01 
0 0 0 1 

Matrix 14 (4x4):
0.745054 -0.66115 0.0881785 -73.9007 
0.655863 0.750241 0.0835601 146.429 
-0.121401 -0.00442373 0.992594 -1515.01 
0 0 0 1 

Matrix 15 (4x4):
0.745026 -0.661213 0.0879438 -73.8995 
0.655887 0.750183 0.0838876 146.432 
-0.121441 -0.00481724 0.992587 -1515 
0 0 0 1 

Matrix 16 (4x4):
0.745051 -0.661158 0.0881418 -73.901 
0.655838 0.750233 0.0838316 146.428 
-0.121553 -0.0046521 0.992574 -1515 
0 0 0 1 

Matrix 17 (4x4):
0.745068 -0.66119 0.0877563 -73.8985 
0.655889 0.750203 0.0836979 146.43 
-0.121175 -0.00480229 0.99262 -1514.98 
0 0 0 1 

Matrix 18 (4x4):
0.745033 -0.661209 0.087911 -73.8992 
0.655907 0.750187 0.0836934 146.431 
-0.121289 -0.00469289 0.992606 -1514.99 
0 0 0 1 

Matrix 19 (4x4):
0.745004 -0.661159 0.0885381 -73.9015 
0.655839 0.750233 0.0838193 146.429 
-0.121842 -0.00437901 0.99254 -1515.01 
0 0 0 1 

Matrix 20 (4x4):
0.745003 -0.661197 0.0882528 -73.9009 
0.655881 0.750198 0.0837989 146.431 
-0.121615 -0.00454704 0.992567 -1515 
0 0 0 1 

Matrix 21 (4x4):
0.74501 -0.661187 0.0882725 -73.8996 
0.65588 0.750208 0.0837272 146.429 
-0.121582 -0.00448148 0.992571 -1515 
0 0 0 1 

Matrix 22 (4x4):
0.745034 -0.661181 0.0881142 -73.9001 
0.655851 0.750212 0.0839137 146.429 
-0.121586 -0.00472877 0.99257 -1515 
0 0 0 1 

Matrix 23 (4x4):
0.745038 -0.661174 0.0881309 -73.8993 
0.655871 0.750219 0.0836946 146.43 
-0.121454 -0.00455311 0.992587 -1514.99 
0 0 0 1 

Matrix 24 (4x4):
0.745033 -0.661168 0.0882163 -73.9016 
0.655863 0.750224 0.0837066 146.429 
-0.121526 -0.0045064 0.992578 -1515 
0 0 0 1 

Matrix 25 (4x4):
0.744997 -0.661201 0.0882774 -73.9021 
0.655885 0.750196 0.083793 146.428 
-0.121629 -0.00452573 0.992565 -1515 
0 0 0 1 

Matrix 26 (4x4):
0.745012 -0.661183 0.088285 -73.9013 
0.65587 0.750211 0.0837667 146.429 
-0.121618 -0.00450369 0.992567 -1515 
0 0 0 1 

Matrix 27 (4x4):
0.745016 -0.661159 0.0884256 -73.8997 
0.655824 0.750232 0.0839486 146.427 
-0.121843 -0.00455149 0.992539 -1514.99 
0 0 0 1 

Matrix 28 (4x4):
0.745008 -0.661162 0.088476 -73.9005 
0.65585 0.75023 0.0837607 146.428 
-0.121757 -0.00437544 0.99255 -1515 
0 0 0 1 

Matrix 29 (4x4):
0.745019 -0.661158 0.0884089 -73.9021 
0.655848 0.750233 0.0837448 146.43 
-0.121696 -0.00440862 0.992558 -1515 
0 0 0 1 

Matrix 30 (4x4):
0.745051 -0.661163 0.0881061 -73.9021 
0.65586 0.750228 0.0837018 146.43 
-0.12144 -0.00457681 0.992588 -1514.99 
0 0 0 1 

