Aurora2Vega[]

EMsensor_2Marker1[0.9639342925624721, -0.2149875014490341, 0.1568791058196985, -5.221832827592429;
 -0.1464150639099778, 0.0638651013415681, 0.9871594997217361, -1.768185966174852;
 -0.2222460543684041, -0.9745263583153266, 0.03008435251660827, 42.17629631434077;
 0, 0, 0, 1]

EM_2Marker2[0.691172195160685, 0.02661931107761772, -0.7221997015469567, 60.86454066695842;
 -0.7213803837277221, -0.03472418810312294, -0.6916679642237477, -8.426141626216801;
 -0.04348952298663032, 0.9990423629848396, -0.004797744476668558, -124.8269349194835;
 0, 0, 0, 1]

Group1

output_Marker1_2Vega[0.1471435209951497, -0.9827689698445016, 0.1118657058259011, -91.74694782138766;
 -0.2099701745421817, -0.1415544634039297, -0.9674062536975626, 89.29302107204168;
 0.9665719373289582, 0.1188591006242403, -0.2271809942907187, -1274.161216335396;
 8.239936510889834e-18, -1.517883041479706e-18, -3.469446951953614e-18, 1]

Translation Vector: -91.7469   89.293 -1274.16

Euler Angles (degrees):  125.022 -104.856 -27.6182

truth_Marker1_2Vega[0.145894829470111, -0.9833756250593224, 0.1081067933715267, -90.5462;
 -0.2042838078467668, -0.13686680718373, -0.9692964474003589, 89.1858;
 0.9679787314737407, 0.1193308724954207, -0.2208558767250017, -1272.5;
 0, 0, 0, 1]

Translation: [-90.5462;
 89.1858;
 -1272.5]

Euler Angles (degrees):  125.534 -104.539 -28.3828

DistanceError 2.05254
AngleError 0.973257
Group2

output_Marker1_2Vega[0.01323287897044797, -0.9832903662216558, 0.1815625143300118, -125.0809991664487;
 -0.1851376050210304, -0.1808482294172829, -0.965928561087057, 97.7261131991076;
 0.9826235078203701, -0.0208320333216878, -0.184437166174423, -1331.507483124485;
 8.239936510889834e-18, -1.517883041479706e-18, -3.469446951953614e-18, 1]

Translation Vector: -125.081  97.7261 -1331.51

Euler Angles (degrees):  94.0883 -100.697   6.4442

truth_Marker1_2Vega[0.02041721766578641, -0.9851959593665929, 0.1702118059081877, -123.247;
 -0.193774354848433, -0.1709184788062992, -0.966042635190401, 98.7504;
 0.9808336437061391, -0.01325878012033355, -0.1943953912104379, -1330.36;
 0, 0, 0, 1]

Translation: [-123.247;
 98.7504;
 -1330.36]

Euler Angles (degrees):  96.0148 -101.236  3.90183

DistanceError 2.39362
AngleError 3.23508
Group3

output_Marker1_2Vega[-0.02349590190781856, -0.9778556937089162, 0.2079571707698326, -128.8724062229149;
 -0.2077692736431731, -0.1986964772460233, -0.9577847560176613, 96.79525177122727;
 0.9778956342694785, -0.06571112699592876, -0.1984998142709359, -1359.457683300788;
 8.239936510889834e-18, -1.517883041479706e-18, -3.469446951953614e-18, 1]

Translation Vector: -128.872  96.7953 -1359.46

Euler Angles (degrees):   83.548 -102.069  18.3165

truth_Marker1_2Vega[-0.02111625677811446, -0.9802105898316011, 0.1968281059240921, -126.288;
 -0.2058370132961256, -0.1883919485682297, -0.9602809993288405, 98.2321;
 0.9783584351642355, -0.06079204961712048, -0.1977854874512746, -1359.52;
 0, 0, 0, 1]

Translation: [-126.288;
 98.2321;
 -1359.52]

Euler Angles (degrees):  84.1427 -101.942  17.0855

DistanceError 2.95763
AngleError 1.37305
Group4

output_Marker1_2Vega[-0.06869388896488776, -0.9908638374819458, 0.1160603514962478, -138.8330142207507;
 -0.1833989792596542, -0.1018100377945048, -0.9777522848916285, 96.99770255965504;
 0.980635489886724, -0.08845095689043585, -0.1747296889477207, -1389.744220331009;
 8.239936510889834e-18, -1.517883041479706e-18, -3.469446951953614e-18, 1]

Translation Vector: -138.833  96.9977 -1389.74

Euler Angles (degrees):  69.4661 -101.294  26.8493

truth_Marker1_2Vega[-0.06943432530219384, -0.9913504027025823, 0.1113698950850588, -136.333;
 -0.1687520224573907, -0.09835834299662927, -0.9807386967380749, 97.89449999999999;
 0.9832098602975712, -0.0868908247422322, -0.1604629402361968, -1390.76;
 0, 0, 0, 1]

Translation: [-136.333;
 97.89449999999999;
 -1390.76]

Euler Angles (degrees):  67.6349 -100.514  28.4356

DistanceError 2.84361
AngleError 2.54511
Group5

output_Marker1_2Vega[0.06308014038752632, -0.993349393022382, -0.09632174869028781, -129.3342129319716;
 -0.1708118550947778, 0.08434391330395806, -0.9816870246915036, 92.75629630825932;
 0.9832823633360618, 0.07837785191391745, -0.1643554266873728, -1242.069730619097;
 8.239936510889834e-18, -1.517883041479706e-18, -3.469446951953614e-18, 1]

Translation Vector: -129.334  92.7563 -1242.07

Euler Angles (degrees):  110.269 -100.491 -25.4956

truth_Marker1_2Vega[0.05251933096136541, -0.9933821435620726, -0.1021451747631382, -130.289;
 -0.1555367147642716, 0.09290099243189043, -0.9834519489865823, 89.351;
 0.9864329932822138, 0.06753756330510702, -0.1496282971469649, -1243.58;
 0, 0, 0, 1]

Translation: [-130.289;
 89.351;
 -1243.58]

Euler Angles (degrees):  108.658 -99.4487 -24.2929

DistanceError 3.84559
AngleError 2.26464
Group6

output_Marker1_2Vega[-0.003788645436283562, -0.998122710367397, -0.06112856300126727, -149.5237718215836;
 -0.1511805963922163, 0.06099808720622619, -0.9866223495500582, 100.2907791688039;
 0.9884988990586846, 0.005503490349176256, -0.1511278867506693, -1276.795384207314;
 8.239936510889834e-18, -1.517883041479706e-18, -3.469446951953614e-18, 1]

Translation Vector: -149.524  100.291  -1276.8

Euler Angles (degrees):  88.5644 -98.6981 -2.08557

truth_Marker1_2Vega[-0.007331252197328997, -0.9978206233072582, -0.06557634058053391, -149.744;
 -0.1498055973207191, 0.06593397292206682, -0.9865145686841603, 97.20610000000001;
 0.9886882904902849, 0.00259131577141114, -0.1499624930773398, -1277.27;
 0, 0, 0, 1]

Translation: [-149.744;
 97.20610000000001;
 -1277.27]

Euler Angles (degrees):   87.1983  -98.6261 -0.989959

DistanceError 3.12874
AngleError 1.75271
Group7

output_Marker1_2Vega[-0.03152902501643162, -0.9986527709458526, -0.04121363443914822, -151.1597339223008;
 -0.1666877730179229, 0.0459103248653947, -0.9849403171751477, 99.51738884888914;
 0.9855055083092218, -0.0241843989572676, -0.1679107141883306, -1305.640252965655;
 8.239936510889834e-18, -1.517883041479706e-18, -3.469446951953614e-18, 1]

Translation Vector:  -151.16  99.5174 -1305.64

Euler Angles (degrees):   79.289 -99.7671  8.19602

truth_Marker1_2Vega[-0.028324408968736, -0.9986956796441493, -0.04248137611569114, -151.199;
 -0.1758019688979875, 0.04681298691617775, -0.9833118589682406, 96.80119999999999;
 0.9840179853987238, -0.0203834176745899, -0.1768986169978173, -1305.52;
 0, 0, 0, 1]

Translation: [-151.199;
 96.80119999999999;
 -1305.52]

Euler Angles (degrees):  80.8474 -100.257  6.57301

DistanceError 2.71913
AngleError 2.30284
Group8

output_Marker1_2Vega[-0.09629680955187621, -0.9953325414942904, -0.00632900566020744, -163.6385072200589;
 -0.1924620591543746, 0.02485819503480863, -0.9809895136675371, 95.49016714639504;
 0.9765681134750238, -0.09324806690826361, -0.1939575153524134, -1335.264433031106;
 8.239936510889834e-18, -1.517883041479706e-18, -3.469446951953614e-18, 1]

Translation Vector: -163.639  95.4902 -1335.26

Euler Angles (degrees):  63.4193 -102.428  25.6766

truth_Marker1_2Vega[-0.08709615597923115, -0.9961933723872011, -0.003608936887319392, -163.122;
 -0.2043416838943756, 0.02141082001659689, -0.9786654448837089, 93.10809999999999;
 0.9750173002756681, -0.08450054199845192, -0.2054286313178262, -1335.72;
 0, 0, 0, 1]

Translation: [-163.122;
 93.10809999999999;
 -1335.72]

Euler Angles (degrees):  66.9149 -102.834  22.3592

DistanceError 2.47963
AngleError 4.83632
Group9

output_Marker1_2Vega[-0.1027458509059061, -0.99416089305886, 0.03297588261186552, -161.082164713035;
 -0.1609135509979214, -0.01610265094762641, -0.9868371363795042, 97.46206641411297;
 0.9816058879340729, -0.106699687651222, -0.1583194789919059, -1373.683450850834;
 8.239936510889834e-18, -1.517883041479706e-18, -3.469446951953614e-18, 1]

Translation Vector: -161.082  97.4621 -1373.68

Euler Angles (degrees):  57.4411 -101.006  33.9781

truth_Marker1_2Vega[-0.09800965999100741, -0.9946513264755065, 0.03260130808668232, -160.318;
 -0.1581502771889777, -0.01677584976615165, -0.9872725361771557, 96.91849999999999;
 0.9825388523480876, -0.1019181514998144, -0.1556601876568451, -1374.53;
 0, 0, 0, 1]

Translation: [-160.318;
 96.91849999999999;
 -1374.53]

Euler Angles (degrees):  58.2125 -100.723  33.2147

DistanceError 1.26335
AngleError 1.12168
Group10

output_Marker1_2Vega[-0.1625826141878114, -0.9866580705179534, 0.008529094069518555, -179.1324133270612;
 -0.1251896492669286, 0.01205310233219162, -0.9920596123422193, 100.370279946727;
 0.9787208209087302, -0.1623593994998687, -0.125479002680763, -1394.303400935136;
 8.239936510889834e-18, -1.517883041479706e-18, -3.469446951953614e-18, 1]

Translation Vector: -179.132   100.37  -1394.3

Euler Angles (degrees):  37.5965 -101.841  52.3015

truth_Marker1_2Vega[-0.156746059021641, -0.9875624721177633, 0.01228969673491997, -178.794;
 -0.1191625556808272, 0.006557962322126465, -0.9928531001380796, 99.5508;
 0.980423866654009, -0.1570902823055378, -0.1187084028212342, -1396.08;
 0, 0, 0, 1]

Translation: [-178.794;
 99.5508;
 -1396.08]

Euler Angles (degrees):  37.2431 -101.356  52.9228

DistanceError 1.98554
AngleError 0.86399
Group11

output_Marker1_2Vega[-0.2110884790872307, -0.9770814137575727, -0.02745113633611115, -184.5511084843747;
 -0.09970921984870502, 0.04946162698994973, -0.9937865057106943, 104.4592469258282;
 0.9723681018388982, -0.2070397506398455, -0.1078648051089201, -1411.469348880315;
 8.239936510889834e-18, -1.517883041479706e-18, -3.469446951953614e-18, 1]

Translation Vector: -184.551  104.459 -1411.47

Euler Angles (degrees): 25.2841  -103.5 62.4811

truth_Marker1_2Vega[-0.2068240003020716, -0.9781522754656737, -0.02102281856396082, -184.546;
 -0.09103935200573482, 0.04063498586110459, -0.9950179065275377, 103.458;
 0.9741332913341093, -0.203879680020821, -0.09745463964934187, -1413.87;
 0, 0, 0, 1]

Translation: [-184.546;
 103.458;
 -1413.87]

Euler Angles (degrees):  23.758 -103.06 64.4522

DistanceError 2.60109
AngleError 2.53133
Group12

output_Marker1_2Vega[-0.2870712476422326, -0.9555765101587907, -0.06681041842317952, -188.4353543475333;
 -0.04305167272916922, 0.08254613997223775, -0.9956569129227729, 112.3539496416001;
 0.9569413003169692, -0.2829481719474961, -0.06483579057291294, -1436.358960625559;
 8.239936510889834e-18, -1.517883041479706e-18, -3.469446951953614e-18, 1]

Translation Vector: -188.435  112.354 -1436.36

Euler Angles (degrees):  8.52901 -106.875  77.0938

truth_Marker1_2Vega[-0.2808940072310271, -0.9579365454591657, -0.05878887288811829, -188.6;
 -0.04081804486232343, 0.07312374268876409, -0.9964872329682928, 111.83;
 0.9588703999578425, -0.2775076451720693, -0.05964111799538885, -1438.21;
 0, 0, 0, 1]

Translation: [-188.6;
 111.83;
 -1438.21]

Euler Angles (degrees): 8.26805 -106.49 77.8707

DistanceError 1.9308
AngleError 0.905429
Group13

output_Marker1_2Vega[0.09093079609151666, -0.9940368866092667, -0.06018520069185452, -149.9365630750547;
 -0.103133384039296, 0.050710807594461, -0.9933740076576003, 106.2755329181811;
 0.9905024459428388, 0.09653539274936444, -0.09790721387088691, -1239.714947211028;
 8.239936510889834e-18, -1.517883041479706e-18, -3.469446951953614e-18, 1]

Translation Vector: -149.937  106.276 -1239.71

Euler Angles (degrees):  131.402 -97.9029 -44.5958

truth_Marker1_2Vega[0.07522391845985876, -0.9949726079044156, -0.06611256772679602, -151.326;
 -0.08754735789593149, 0.05945456138944405, -0.9943845409374736, 103.799;
 0.9933160736729201, 0.08058948225342122, -0.08263481792282978, -1241.77;
 0, 0, 0, 1]

Translation: [-151.326;
 103.799;
 -1241.77]

Euler Angles (degrees):   130.67 -96.6282 -44.2821

DistanceError 3.50528
AngleError 1.50287
Group14

output_Marker1_2Vega[0.02365073630877532, -0.9986212703073859, -0.04686364434949582, -167.078379641609;
 -0.1164147699878877, 0.04380681000729189, -0.9922341279787014, 107.0130794937508;
 0.9929190520886888, 0.02892268809513619, -0.1152182021758305, -1276.62493860204;
 8.239936510889834e-18, -1.517883041479706e-18, -3.469446951953614e-18, 1]

Translation Vector: -167.078  107.013 -1276.62

Euler Angles (degrees):  101.484 -96.8224 -14.0915

truth_Marker1_2Vega[0.01582185568229111, -0.9986280093114113, -0.04991761113571641, -167.583;
 -0.1130633858489785, 0.04781679137312056, -0.9924365094267462, 104.237;
 0.9934617957743184, 0.02134604135448342, -0.1121517135640775, -1278.03;
 0, 0, 0, 1]

Translation: [-167.583;
 104.237;
 -1278.03]

Euler Angles (degrees):  97.9661 -96.5555 -10.7763

DistanceError 3.15206
AngleError 4.84112
Group15

output_Marker1_2Vega[-0.007069646584435602, -0.999253577895298, -0.03797771926560712, -169.3218217452255;
 -0.1188421817495155, 0.03854909303662758, -0.9921645545286681, 109.241957306392;
 0.9928879876069435, -0.002500897738722508, -0.1190260037820011, -1302.400856751266;
 8.239936510889834e-18, -1.517883041479706e-18, -3.469446951953614e-18, 1]

Translation Vector: -169.322  109.242  -1302.4

Euler Angles (degrees):  86.5956 -96.8374  1.20368

truth_Marker1_2Vega[-0.01048518274956067, -0.9992003248669923, -0.03858460481079534, -169.716;
 -0.1239782586102539, 0.03958803197647587, -0.9914949213769066, 106.849;
 0.9922295361128275, -0.005612353332290931, -0.1242942040297783, -1303.18;
 0, 0, 0, 1]

Translation: [-169.716;
 106.849;
 -1303.18]

Euler Angles (degrees):  85.1658 -97.1473  2.58536

DistanceError 2.54729
AngleError 2.0123
Group16

output_Marker1_2Vega[-0.08725090993330542, -0.9958868556307402, -0.02442640984115573, -175.0504694793951;
 -0.1341141887221521, 0.03603954667427011, -0.9903103228074086, 111.5682100292909;
 0.987117350216877, -0.08312954864204637, -0.1367070409428807, -1342.68844459104;
 8.239936510889834e-18, -1.517883041479706e-18, -3.469446951953614e-18, 1]

Translation Vector:  -175.05  111.568 -1342.69

Euler Angles (degrees):  56.9531 -99.2068  31.3032

truth_Marker1_2Vega[-0.08260883335230584, -0.9963491769500883, -0.02154293951744912, -175.249;
 -0.1441321778316562, 0.03333418736118432, -0.9889968388556523, 109.627;
 0.9861043027822536, -0.0785948442574384, -0.146359675083249, -1343.11;
 0, 0, 0, 1]

Translation: [-175.249;
 109.627;
 -1343.11]

Euler Angles (degrees):   60.181 -99.5627  28.2357

DistanceError 1.99635
AngleError 4.46712
Group17

output_Marker1_2Vega[-0.1011392830829278, -0.9948720003176221, -0.0007405413462528361, -172.2860358753321;
 -0.1843866934103242, 0.01947631345218539, -0.9826607860841505, 100.648511706512;
 0.9776361249005978, -0.09924906144808424, -0.1854109788847287, -1356.416689080442;
 8.239936510889834e-18, -1.517883041479706e-18, -3.469446951953614e-18, 1]

Translation Vector: -172.286  100.649 -1356.42

Euler Angles (degrees): 61.2545 -102.14 28.1598

truth_Marker1_2Vega[-0.09290324785398463, -0.9956665526859187, 0.004135504892972985, -172.015;
 -0.1900442654451977, 0.01365515866429967, -0.9816805558903813, 98.7638;
 0.9773700239467018, -0.09198724098695144, -0.1904893272234225, -1357.36;
 0, 0, 0, 1]

Translation: [-172.015;
 98.7638;
 -1357.36]

Euler Angles (degrees):  63.9483 -102.212  25.7759

DistanceError 2.12496
AngleError 3.5979
Group18

output_Marker1_2Vega[-0.1043558149590261, -0.9922516434329556, -0.06742803562937641, -176.7459094164557;
 -0.05876699101835733, 0.07383190393963575, -0.9955376892550567, 107.8896967757026;
 0.9928022485121918, -0.09992760412041631, -0.06601643192316689, -1385.885850738659;
 8.239936510889834e-18, -1.517883041479706e-18, -3.469446951953614e-18, 1]

Translation Vector: -176.746   107.89 -1385.89

Euler Angles (degrees):  29.3856 -96.8785  56.5495

truth_Marker1_2Vega[-0.1021344309305272, -0.9928161699567315, -0.06232664511221014, -176.546;
 -0.05729450343431924, 0.06842122837884723, -0.9960099775521046, 107.346;
 0.9931192767712806, -0.09815593807598033, -0.06387107268327474, -1387.49;
 0, 0, 0, 1]

Translation: [-176.546;
 107.346;
 -1387.49]

Euler Angles (degrees):  29.2912 -96.7252  56.9475

DistanceError 1.70554
AngleError 0.436845
Group19

output_Marker1_2Vega[-0.2181797143206815, -0.9731767269911101, -0.0729703385069403, -189.4941156471233;
 -0.08312633348695542, 0.09303212682728421, -0.9921869965177984, 95.14597148686801;
 0.9723618796209261, -0.2104093187595598, -0.1011943360034233, -1419.941504680922;
 8.239936510889834e-18, -1.517883041479706e-18, -3.469446951953614e-18, 1]

Translation Vector: -189.494   95.146 -1419.94

Euler Angles (degrees):  20.8568 -103.502  64.3152

truth_Marker1_2Vega[-0.2108792589228945, -0.975809498387868, -0.05766941140802889, -187.856;
 -0.08753516404078915, 0.07761020773072302, -0.9931335512972794, 93.5384;
 0.9735848875226458, -0.2043831659212951, -0.101784027605049, -1422.03;
 0, 0, 0, 1]

Translation: [-187.856;
 93.5384;
 -1422.03]

Euler Angles (degrees):  22.5431 -103.198  63.5264

DistanceError 3.10315
AngleError 1.88628
Group20

output_Marker1_2Vega[-0.07663100247962325, -0.9960976044709118, -0.04378643427226647, -149.2156649635594;
 0.04115387518199354, 0.04071823096501707, -0.9983227855882014, 151.7518800011474;
 0.9962098413569558, -0.07830445730857573, 0.03787299762543728, -1397.098626782931;
 8.239936510889834e-18, -1.517883041479706e-18, -3.469446951953614e-18, 1]

Translation Vector: -149.216  151.752  -1397.1

Euler Angles (degrees):  151.762   -85.01 -64.1886

truth_Marker1_2Vega[-0.07530938032976398, -0.9958167239443618, -0.05174504369565669, -147.84;
 0.0459496657743656, 0.04837166292034034, -0.9977719230573413, 154.165;
 0.9961009614740722, -0.07751925269918047, 0.04211460567771608, -1397.26;
 0, 0, 0, 1]

Translation: [-147.84;
 154.165;
 -1397.26]

Euler Angles (degrees):  148.611 -84.9388 -61.4857

DistanceError 2.78238
AngleError 4.15263
Group21

output_Marker1_2Vega[0.04459775591154342, -0.9889180047913193, -0.1416058613448273, -139.3316037104344;
 -0.02424846959279544, 0.1406335597158763, -0.9897647263890796, 151.3172642256567;
 0.9987106947910591, 0.0475750111003409, -0.01770780699976533, -1329.532441232878;
 8.239936510889834e-18, -1.517883041479706e-18, -3.469446951953614e-18, 1]

Translation Vector: -139.332  151.317 -1329.53

Euler Angles (degrees):  151.466 -92.9098 -69.5843

truth_Marker1_2Vega[0.04067525732319599, -0.9888672957255904, -0.143132787599661, -139.509;
 -0.03461181547511288, 0.1417708871720591, -0.989294211941, 150.682;
 0.9985727543204895, 0.0451938822718867, -0.02845992505236694, -1328.6;
 0, 0, 0, 1]

Translation: [-139.509;
 150.682;
 -1328.6]

Euler Angles (degrees):  139.605 -93.0615 -57.8002

DistanceError 1.14214
AngleError 16.7211
Group22

output_Marker1_2Vega[0.05277803842970127, -0.986434530203793, -0.1554393652879962, -143.469239136233;
 -0.04182243184934673, 0.1533362930263071, -0.9872886434245858, 147.079709811986;
 0.9977301052156835, 0.05860801022533693, -0.03316230214727521, -1308.240527839833;
 8.239936510889834e-18, -1.517883041479706e-18, -3.469446951953614e-18, 1]

Translation Vector: -143.469   147.08 -1308.24

Euler Angles (degrees):  141.606 -93.8612 -60.4974

truth_Marker1_2Vega[0.04821942367691945, -0.9865810904686854, -0.1559892275443582, -144.094;
 -0.04998515991891311, 0.1535917612519151, -0.9868693199524522, 145.438;
 0.9975852700236441, 0.05538341633697319, -0.04190830737096274, -1307.57;
 0, 0, 0, 1]

Translation: [-144.094;
 145.438;
 -1307.57]

Euler Angles (degrees):   133.97 -93.9825 -52.8854

DistanceError 1.8802
AngleError 10.7827
Group23

output_Marker1_2Vega[0.07259512114315965, -0.9833386136724893, -0.1666586908831229, -141.427636711663;
 -0.06085787542909517, 0.162420821490017, -0.9848430310180231, 142.0786571327512;
 0.9955030222879518, 0.08163729299269459, -0.04805293964325547, -1290.182741313138;
 8.239936510889834e-18, -1.517883041479706e-18, -3.469446951953614e-18, 1]

Translation Vector: -141.428  142.079 -1290.18

Euler Angles (degrees):  140.026 -95.4358 -59.5183

truth_Marker1_2Vega[0.06718063948605502, -0.9836560649474004, -0.1670554026975492, -142.401;
 -0.06561973736781962, 0.1627151714550286, -0.984488609911836, 139.813;
 0.9955806405038334, 0.07710070603150315, -0.05361594336967945, -1289.9;
 0, 0, 0, 1]

Translation: [-142.401;
 139.813;
 -1289.9]

Euler Angles (degrees):  135.673 -95.3886 -55.1852

DistanceError 2.48205
AngleError 6.14209
Group24

output_Marker1_2Vega[0.1028905301534929, -0.9784902741201587, -0.1788024671445821, -136.2703267352053;
 -0.05286503595474547, 0.1741231796072944, -0.9833038219680381, 142.7799929995317;
 0.9932868804017378, 0.110625050398646, -0.03381229726091996, -1267.057445819197;
 8.239936510889834e-18, -1.517883041479706e-18, -3.469446951953614e-18, 1]

Translation Vector:  -136.27   142.78 -1267.06

Euler Angles (degrees):  152.806 -96.6427 -73.0043

truth_Marker1_2Vega[0.09332330354075913, -0.9792197265865619, -0.1800541254178262, -137.86;
 -0.05280942686049123, 0.1757204484572148, -0.9830226286452728, 140.129;
 0.9942343413154193, 0.1012474743276802, -0.03531321978183222, -1267.04;
 0, 0, 0, 1]

Translation: [-137.86;
 140.129;
 -1267.04]

Euler Angles (degrees):  150.496 -96.1556 -70.7722

DistanceError 3.09114
AngleError 3.24929
Group25

output_Marker1_2Vega[0.1221552733441105, -0.9675386698252163, -0.2212397152119757, -128.9748748636614;
 0.006501811754608358, 0.2236843870918772, -0.9746399445001427, 159.4151100729856;
 0.992489705557752, 0.1176189498515553, 0.0336149817445303, -1245.162032232435;
 8.239936510889834e-18, -1.517883041479706e-18, -3.469446951953614e-18, 1]

Translation Vector: -128.975  159.415 -1245.16

Euler Angles (degrees):  3.04674 -82.9735  74.0503

truth_Marker1_2Vega[0.1059112248542167, -0.9687890708608082, -0.2241217272611726, -132.413;
 0.002527577414665638, 0.2256509675507947, -0.9742049333665905, 157.348;
 0.9943723768298738, 0.102612752735915, 0.02634765973792641, -1244.41;
 0, 0, 0, 1]

Translation: [-132.413;
 157.348;
 -1244.41]

Euler Angles (degrees):  1.36711 -83.9186  75.5994

DistanceError 4.08157
AngleError 2.47265
Group26

output_Marker1_2Vega[-0.006121926430938368, -0.9671779186540799, -0.2540263680894883, -156.0858637684318;
 -0.04914641748377382, 0.2540151482586085, -0.9659507927962323, 154.7928442187571;
 0.9987728228507542, 0.006571006248611372, -0.04908839182123913, -1291.08568905423;
 8.239936510889834e-18, -1.517883041479706e-18, -3.469446951953614e-18, 1]

Translation Vector: -156.086  154.793 -1291.09

Euler Angles (degrees):  82.8995 -92.8388 -7.62433

truth_Marker1_2Vega[-0.01581817079363823, -0.9680643225449208, -0.2502024238259639, -159.07;
 -0.06390885382323092, 0.250700942443098, -0.9659527399728951, 151.792;
 0.9978303682869871, 0.0007105447110374863, -0.06583351160669948, -1291.16;
 0, 0, 0, 1]

Translation: [-159.07;
 151.792;
 -1291.16]

Euler Angles (degrees):    76.098  -93.7749 -0.618372

DistanceError 4.23269
AngleError 9.80918
Group27

output_Marker1_2Vega[0.05677498623588231, -0.9927594011202272, -0.1058554317232874, -44.66589136453625;
 -0.07977865223577696, 0.1011762320735885, -0.9916646291518298, 158.7583147941753;
 0.995194437075157, 0.06474674934542918, -0.07345672783238814, -1231.974871535807;
 8.239936510889834e-18, -1.517883041479706e-18, -3.469446951953614e-18, 1]

Translation Vector: -44.6659  158.758 -1231.97

Euler Angles (degrees):  125.438 -95.6193 -41.3938

truth_Marker1_2Vega[0.05064101456232861, -0.9913914441515226, -0.1207414266408025, -45.703;
 -0.102986233498336, 0.115068331278934, -0.9880046127658046, 158.453;
 0.993392834358052, 0.06246826073967288, -0.09627249371568181, -1224.27;
 0, 0, 0, 1]

Translation: [-45.703;
 158.453;
 -1224.27]

Euler Angles (degrees):  116.185   -96.59 -32.9783

DistanceError 7.78035
AngleError 12.5454
Group28

output_Marker1_2Vega[0.01834819514275552, -0.9954279249554584, -0.09373681215975771, -57.43101839018631;
 -0.1125460359090544, 0.09110046994033062, -0.9894615172798842, 164.1721787878232;
 0.9934770926076458, 0.02870453963263336, -0.1103599377868463, -1264.677909730307;
 8.239936510889834e-18, -1.517883041479706e-18, -3.469446951953614e-18, 1]

Translation Vector:  -57.431  164.172 -1264.68

Euler Angles (degrees):  99.2594 -96.5478 -14.5795

truth_Marker1_2Vega[0.01603703472065232, -0.99447806208431, -0.1037120897022313, -58.1997;
 -0.1253774760186371, 0.1009066372602856, -0.9869642035373001, 164.823;
 0.991979486695448, 0.02883113923965275, -0.1230669061347487, -1258.9;
 0, 0, 0, 1]

Translation: [-58.1997;
 164.823;
 -1258.9]

Euler Angles (degrees):  97.2891 -97.2616  -13.185

DistanceError 5.86504
AngleError 2.51715
Group29

output_Marker1_2Vega[-0.04240514348867329, -0.9976400914896884, -0.05400047831409943, -79.16307369002178;
 -0.11788999876179, 0.05866784073880055, -0.9912921025888349, 164.3610831797526;
 0.99212083538127, -0.03566976752788015, -0.1200996073551266, -1288.660467225068;
 8.239936510889834e-18, -1.517883041479706e-18, -3.469446951953614e-18, 1]

Translation Vector: -79.1631  164.361 -1288.66

Euler Angles (degrees):  70.2163 -97.1972  16.5415

truth_Marker1_2Vega[-0.04228619370089137, -0.9971974642986727, -0.06171786628349857, -80.55200000000001;
 -0.1306472080952651, 0.06676166405807149, -0.9891785416339709, 165.438;
 0.9905267209112549, -0.03376532849676339, -0.1331041612884527, -1284.1;
 0, 0, 0, 1]

Translation: [-80.55200000000001;
 165.438;
 -1284.1]

Euler Angles (degrees):  72.0649 -97.8928  14.2343

DistanceError 4.8874
AngleError 3.03719
Group30

output_Marker1_2Vega[-0.04041800027116898, -0.999035633738567, -0.01715190294574483, -82.78378926629709;
 -0.1396326029365414, 0.02264493911027322, -0.9899444140606378, 158.7493609519219;
 0.9893781488648437, -0.0376166087423131, -0.1404132091203688, -1304.691442594637;
 8.239936510889834e-18, -1.517883041479706e-18, -3.469446951953614e-18, 1]

Translation Vector: -82.7838  158.749 -1304.69

Euler Angles (degrees):  73.8564 -98.3584  14.9973

truth_Marker1_2Vega[-0.03755726227674661, -0.9989828787724906, -0.02495315550593108, -82.5474;
 -0.1495805651107908, 0.0303094910507874, -0.9882848725409992, 159.231;
 0.9880359844618072, -0.03338476706028876, -0.150566765047663, -1301.09;
 0, 0, 0, 1]

Translation: [-82.5474;
 159.231;
 -1301.09]

Euler Angles (degrees):  75.9053 -98.8718  12.5018

DistanceError 3.64119
AngleError 3.26947
Group31

output_Marker1_2Vega[-0.06395936859909127, -0.9951304339247298, 0.07499745759147856, -98.99171609221979;
 -0.133005460418115, -0.06598058490383601, -0.9889166344615278, 151.869916231121;
 0.9890494156852578, -0.07322555491443716, -0.1281377049899845, -1338.821960247171;
 8.239936510889834e-18, -1.517883041479706e-18, -3.469446951953614e-18, 1]

Translation Vector: -98.9917   151.87 -1338.82

Euler Angles (degrees): 64.3181 -98.487 29.7462

truth_Marker1_2Vega[-0.05946128398178829, -0.9960911409894661, 0.06532070536621809, -97.7829;
 -0.1372793649319924, -0.05665500065221485, -0.9889108083467213, 153.181;
 0.9887460400280272, -0.06776909135734877, -0.1333739801666476, -1336.18;
 0, 0, 0, 1]

Translation: [-97.7829;
 153.181;
 -1336.18]

Euler Angles (degrees): 66.5806 -98.604 26.9357

DistanceError 3.1875
AngleError 3.6099
Group32

output_Marker1_2Vega[-0.1327310189563188, -0.9845621995253632, 0.1141041273249876, -118.737000443142;
 -0.169672475228008, -0.09085257205939361, -0.9813037558779626, 138.920911674901;
 0.9765212377397622, -0.1496097771403037, -0.15499415094515, -1361.019973789696;
 8.239936510889834e-18, -1.517883041479706e-18, -3.469446951953614e-18, 1]

Translation Vector: -118.737  138.921 -1361.02

Euler Angles (degrees): 51.9647 -102.44 43.9873

truth_Marker1_2Vega[-0.1315761371073807, -0.9855809362553698, 0.1063857990235937, -118.406;
 -0.1730164628994088, -0.08283974195379828, -0.9814289993263934, 139.588;
 0.9760906841629406, -0.1475391312263184, -0.1596219942467387, -1359.63;
 0, 0, 0, 1]

Translation: [-118.406;
 139.588;
 -1359.63]

Euler Angles (degrees):  52.7476 -102.554  42.7473

DistanceError 1.57689
AngleError 1.4709
Group33

output_Marker1_2Vega[-0.1826823398360194, -0.9774249247321926, 0.1061493251241153, -126.0201757139988;
 -0.2045029240437299, -0.06782836609985675, -0.9765131165579858, 133.3469361372289;
 0.9616681947374474, -0.2000995483865231, -0.187495210514575, -1379.270274997049;
 8.239936510889834e-18, -1.517883041479706e-18, -3.469446951953614e-18, 1]

Translation Vector:  -126.02  133.347 -1379.27

Euler Angles (degrees):  48.2256 -105.915  46.8626

truth_Marker1_2Vega[-0.175832450314366, -0.9796469117706879, 0.09682395196747745, -123.955;
 -0.1973554008084032, -0.06127974172951278, -0.9784148603865944, 134.749;
 0.9644344431780736, -0.1911458121741582, -0.1825636417802867, -1378.33;
 0, 0, 0, 1]

Translation: [-123.955;
 134.749;
 -1378.33]

Euler Angles (degrees):  48.3008 -105.327  46.3156

DistanceError 2.66737
AngleError 0.807048
Group34

output_Marker1_2Vega[-0.1943042143460199, -0.9801543531481298, 0.03928506449209242, -140.4289975207021;
 -0.1399959369108065, -0.01193032912374361, -0.9900802012440537, 135.9091226896725;
 0.9709001029641616, -0.1978765050524437, -0.1348995137588948, -1401.379347103918;
 8.239936510889834e-18, -1.517883041479706e-18, -3.469446951953614e-18, 1]

Translation Vector: -140.429  135.909 -1401.38

Euler Angles (degrees):  35.7727 -103.856  55.7163

truth_Marker1_2Vega[-0.1898659993906109, -0.9812422526258031, 0.03338478601465267, -139.055;
 -0.1322544587937362, -0.008132332810303122, -0.9911824369369335, 137.153;
 0.9728615833738018, -0.1926071307737644, -0.1282296095701669, -1401.4;
 0, 0, 0, 1]

Translation: [-139.055;
 137.153;
 -1401.4]

Euler Angles (degrees):  34.8598 -103.379   56.346

DistanceError 1.85352
AngleError 1.20736
Group35

output_Marker1_2Vega[-0.2148752548704431, -0.9738745390873281, 0.07346432441537049, -137.5552315132873;
 -0.1249751446393452, -0.04718453375534742, -0.9910372510640895, 134.5226031609253;
 0.9686123259935912, -0.2221305964781387, -0.1115713226663862, -1416.650994868152;
 8.239936510889834e-18, -1.517883041479706e-18, -3.469446951953614e-18, 1]

Translation Vector: -137.555  134.523 -1416.65

Euler Angles (degrees):   30.183 -104.393  63.3306

truth_Marker1_2Vega[-0.2124506536917212, -0.9749703899587622, 0.06555500323865404, -135.835;
 -0.113998574087261, -0.04189935123359412, -0.9925969824013547, 135.946;
 0.9704993791095551, -0.2183510546570899, -0.1022436896737635, -1416.73;
 0, 0, 0, 1]

Translation: [-135.835;
 135.946;
 -1416.73]

Euler Angles (degrees):  28.2175 -103.952  64.9085

DistanceError 2.23417
AngleError 2.55889
Group36

output_Marker1_2Vega[-0.2465978019246362, -0.9677112251130213, 0.05219682821967581, -136.3806170983392;
 -0.07310092846358976, -0.03513273279045787, -0.996705545958503, 143.8767695425288;
 0.9663569621747845, -0.2496010334051704, -0.06207693435866213, -1427.769927610168;
 8.239936510889834e-18, -1.517883041479706e-18, -3.469446951953614e-18, 1]

Translation Vector: -136.381  143.877 -1427.77

Euler Angles (degrees):  16.5118 -104.904  76.0336

truth_Marker1_2Vega[-0.2431851862296077, -0.9690429348483356, 0.04262341632243349, -134.69;
 -0.06371059664228479, -0.02789013210488944, -0.9975786186595301, 145.966;
 0.9678852850797739, -0.2453119054422275, -0.05495583658128234, -1427.71;
 0, 0, 0, 1]

Translation: [-134.69;
 145.966;
 -1427.71]

Euler Angles (degrees): 14.6806 -104.56 77.3728

DistanceError 2.68825
AngleError 2.29462
Group37

output_Marker1_2Vega[-0.2394172883327777, -0.9693445076722871, -0.05523212374109185, -120.8185628665831;
 0.02035748718044969, 0.05186226230737295, -0.9984467329127082, 165.4935945768785;
 0.9707033196415141, -0.2401697965896864, 0.007316696179948365, -1436.393582214319;
 8.239936510889834e-18, -1.517883041479706e-18, -3.469446951953614e-18, 1]

Translation Vector: -120.819  165.494 -1436.39

Euler Angles (degrees):   175.14 -76.0969  -88.255

truth_Marker1_2Vega[-0.2349591356122247, -0.9694988748774551, -0.06975769637613499, -118.552;
 0.02928532873509021, 0.06467343193515762, -0.9974766747762107, 168.839;
 0.9715639835405767, -0.2364091343689523, 0.01319647959452563, -1436.06;
 0, 0, 0, 1]

Translation: [-118.552;
 168.839;
 -1436.06]

Euler Angles (degrees):  172.895 -76.3036  -86.805

DistanceError 4.05467
AngleError 2.68019
Group38

output_Marker1_2Vega[-0.2254708892680251, -0.8380262689715422, -0.4968650225225387, -110.3291840162527;
 0.02019040425904663, 0.5058686582464179, -0.8623741926680246, 182.7220930364138;
 0.9740406694119711, -0.2044721817695609, -0.09713856707740122, -1423.899071607726;
 8.239936510889834e-18, -1.517883041479706e-18, -3.469446951953614e-18, 1]

Translation Vector: -110.329  182.722  -1423.9

Euler Angles (degrees):  174.883 -76.9164 -115.411

truth_Marker1_2Vega[-0.2105736682841581, -0.8381377156372455, -0.5031738266759636, -110.017;
 0.04233136132292459, 0.5064142738748076, -0.8612506250008758, 185.189;
 0.9766610394983004, -0.2026567364837173, -0.07115800084226542, -1425.34;
 0, 0, 0, 1]

Translation: [-110.017;
 185.189;
 -1425.34]

Euler Angles (degrees):  168.633  -77.597 -109.347

DistanceError 2.87391
AngleError 8.73418
Group39

output_Marker1_2Vega[-0.0794259410866052, -0.7516386627693364, -0.6547754122696047, -106.7424716925731;
 -0.03495054369103742, 0.6585464788470208, -0.7517280057932473, 188.7635778287853;
 0.9962278752264392, -0.03682194764693584, -0.07857585375468212, -1367.847988853063;
 8.239936510889834e-18, -1.517883041479706e-18, -3.469446951953614e-18, 1]

Translation Vector: -106.742  188.764 -1367.85

Euler Angles (degrees):  23.7514 -94.9781  25.1086

truth_Marker1_2Vega[-0.06901717499497906, -0.7633567303448241, -0.6422796367572091, -109.094;
 -0.03689139581975343, 0.6453273914614471, -0.7630147985091997, 188.114;
 0.9969331243720329, -0.02896653356589024, -0.07269996879637186, -1368.46;
 0, 0, 0, 1]

Translation: [-109.094;
 188.114;
 -1368.46]

Euler Angles (degrees):  28.1256 -94.4885  21.7243

DistanceError 2.51519
AngleError 5.55221
Group40

output_Marker1_2Vega[0.02891217793303761, -0.8485091171190621, -0.5283903520438252, -116.3678200679403;
 -0.2021417613259087, 0.5127264605111429, -0.8344161342038967, 138.7184763800956;
 0.9789294123149055, 0.1309345441720596, -0.1566950887782592, -1302.098102971838;
 8.239936510889834e-18, -1.517883041479706e-18, -3.469446951953614e-18, 1]

Translation Vector: -116.368  138.718  -1302.1

Euler Angles (degrees):  98.1398 -101.783 -39.8822

truth_Marker1_2Vega[0.03603844911310794, -0.8554822100037403, -0.5165766337656382, -118.444;
 -0.2078692145779011, 0.4991894656273874, -0.8411897925185552, 135.244;
 0.9774925165014249, 0.137695554662305, -0.1598384009240323, -1301.77;
 0, 0, 0, 1]

Translation: [-118.444;
 135.244;
 -1301.77]

Euler Angles (degrees):  99.8356 -102.179 -40.7438

DistanceError 4.06081
AngleError 1.94314
Group41

output_Marker1_2Vega[0.05191248423296947, -0.7293184409360336, -0.6822021003276045, -123.9222706914483;
 -0.09091729558398874, 0.6768348486421917, -0.7304988932415967, 164.856931409973;
 0.9945044692430677, 0.09994598228111277, -0.03117148186096739, -1265.900656561725;
 8.239936510889834e-18, -1.517883041479706e-18, -3.469446951953614e-18, 1]

Translation Vector: -123.922  164.857  -1265.9

Euler Angles (degrees):  119.726 -96.0095 -72.6782

truth_Marker1_2Vega[0.01963257265885821, -0.7502209030093692, -0.6608957245879272, -132.315;
 -0.1292531341167708, 0.6535716024664022, -0.7457464634649575, 160.251;
 0.9914172630188496, 0.1000637653564262, -0.08413711102068677, -1264.04;
 0, 0, 0, 1]

Translation: [-132.315;
 160.251;
 -1264.04]

Euler Angles (degrees):  98.6368 -97.5121 -49.9417

DistanceError 9.75267
AngleError 31.0475
Group42

output_Marker1_2Vega[-0.1108161850432558, -0.9723320866367595, -0.2056455358841137, -146.3864898056225;
 -0.06872052581254849, 0.2139214214995936, -0.9744306618511354, 172.4275970088801;
 0.9914621840819169, -0.0938506191785541, -0.09052512808770113, -1351.260547180501;
 8.239936510889834e-18, -1.517883041479706e-18, -3.469446951953614e-18, 1]

Translation Vector: -146.386  172.428 -1351.26

Euler Angles (degrees):  31.8043 -97.4924  46.0333

truth_Marker1_2Vega[-0.1099149155688477, -0.9729433610236832, -0.2032238361399368, -148.183;
 -0.08286107592127434, 0.2127205466216466, -0.9735933499886678, 171.675;
 0.9904810717185168, -0.09017308514699213, -0.1040002946265606, -1350.13;
 0, 0, 0, 1]

Translation: [-148.183;
 171.675;
 -1350.13]

Euler Angles (degrees):  37.0114 -97.9118  40.9268

DistanceError 2.25211
AngleError 7.30518
Group43

output_Marker1_2Vega[-0.08211430000992863, -0.9962078006804054, -0.02876212087781281, -132.7307023082804;
 -0.05143251705143523, 0.03305701706621365, -0.9981292149879394, 164.1691328321242;
 0.9952948999787016, -0.08048137353570729, -0.05395192851207182, -1280.299884400269;
 8.239936510889834e-18, -1.517883041479706e-18, -3.469446951953614e-18, 1]

Translation Vector: -132.731  164.169  -1280.3

Euler Angles (degrees):  32.0611 -95.5602  56.1635

truth_Marker1_2Vega[-0.08783524987729741, -0.9956108472366033, -0.03231113962405541, -135.904;
 -0.06702043928393697, 0.03826949628542531, -0.9970174052504037, 162.68;
 0.993877874588815, -0.0854077661508153, -0.07008768710655833, -1277.38;
 0, 0, 0, 1]

Translation: [-135.904;
 162.68;
 -1277.38]

Euler Angles (degrees):  37.3445 -96.3432  50.6269

DistanceError 4.56213
AngleError 7.69296
Group44

output_Marker1_2Vega[-0.1790788134968941, -0.9700398386694672, 0.1641751806780155, -125.9784426596457;
 -0.0224730213704455, -0.1627959718506386, -0.9864037889524204, 155.334163584652;
 0.9835780303905777, -0.180333532498311, 0.007353583456487637, -1256.584969655458;
 8.239936510889834e-18, -1.517883041479706e-18, -3.469446951953614e-18, 1]

Translation Vector: -125.978  155.334 -1256.58

Euler Angles (degrees):  7.15279 -100.398  92.3351

truth_Marker1_2Vega[-0.1833700055884759, -0.9706018234732421, 0.1559087596028497, -130.749;
 -0.05015884428334849, -0.1491535134764583, -0.987541047125529, 155.548;
 0.9817634803712352, -0.1889056105255871, -0.02133398512500917, -1250.6;
 0, 0, 0, 1]

Translation: [-130.749;
 155.548;
 -1250.6]

Euler Angles (degrees):  15.2984 -100.959  83.5566

DistanceError 7.65662
AngleError 11.9886
Group45

output_Marker1_2Vega[-0.07649555184280708, -0.9845931404746334, -0.157241146900432, -139.2026025609137;
 -0.08631389890904423, 0.1636503769776228, -0.9827351957522451, 165.4404650482771;
 0.9933269056072944, -0.0616027746565073, -0.09750259868964797, -1320.853875141387;
 8.239936510889834e-18, -1.517883041479706e-18, -3.469446951953614e-18, 1]

Translation Vector: -139.203   165.44 -1320.85

Euler Angles (degrees):  48.4511 -96.6228   32.285

truth_Marker1_2Vega[-0.07687024516977092, -0.9864407124196325, -0.1450023664930586, -142.526;
 -0.09941715081034752, 0.1522913050279238, -0.983322728577777, 163.581;
 0.9920721725420445, -0.061172537089284, -0.1097757950268101, -1319.57;
 0, 0, 0, 1]

Translation: [-142.526;
 163.581;
 -1319.57]

Euler Angles (degrees):  52.2885 -97.2194  29.1287

DistanceError 4.01882
AngleError 5.00433
Group46

output_Marker1_2Vega[-0.05962602526491557, -0.9833622593643652, 0.1715908038588285, -178.6559273135917;
