Matrix 1 (4x4):
0.326725 -0.929979 0.168495 76.6059 
0.311588 0.274301 0.909765 152.613 
-0.89228 -0.244742 0.379391 5.7254 
-8.67362e-19 2.1684e-19 -8.67362e-19 1 

Matrix 2 (4x4):
0.389274 -0.773092 0.500793 106.238 
0.212604 0.604407 0.767784 33.4824 
-0.896251 -0.192408 0.399642 -22.0019 
2.13371e-16 -1.15359e-16 -3.00975e-16 1 

Matrix 3 (4x4):
0.510474 -0.774553 0.373476 72.036 
-0.0523741 0.405516 0.912586 97.976 
-0.858297 -0.485412 0.166439 -20.2963 
0 3.79471e-19 -1.73472e-18 1 

Matrix 4 (4x4):
0.359874 -0.859467 0.363052 3.89309 
-0.174224 0.320374 0.931132 102.606 
-0.91659 -0.398343 -0.0344449 -125.2 
-7.71085e-16 2.09902e-16 5.82867e-16 1 

Matrix 5 (4x4):
0.669961 -0.727392 0.148502 -26.0434 
-0.00690143 0.19392 0.980993 135.58 
-0.742364 -0.658252 0.124899 -33.5319 
-3.79471e-19 8.67362e-19 0 1 

Matrix 6 (4x4):
0.389575 -0.914723 0.1073 -6.47769 
-0.165503 0.0450778 0.985179 167.872 
-0.906002 -0.40156 -0.133828 -127.794 
0 2.1684e-19 -8.67362e-19 1 

Matrix 7 (4x4):
0.630336 -0.720514 0.289027 49.8451 
-0.0268458 0.35185 0.935671 110.946 
-0.775858 -0.597547 0.202441 17.4733 
-2.1684e-19 1.6263e-19 -3.46945e-18 1 

Matrix 8 (4x4):
0.602147 -0.79019 0.114098 12.3882 
-0.0341386 0.117298 0.99251 153.069 
-0.797655 -0.601532 0.0436544 -88.3167 
8.67362e-19 6.50521e-19 1.73472e-18 1 

Matrix 9 (4x4):
0.451048 -0.763956 0.46144 79.6662 
-0.253451 0.386095 0.886957 106.145 
-0.855756 -0.517013 -0.0194782 -77.9469 
0 -2.1684e-19 -2.60209e-18 1 

Matrix 10 (4x4):
-0.186456 -0.951653 0.244114 21.4476 
0.968313 -0.220026 -0.118146 11.8413 
0.166145 0.21435 0.962523 87.0125 
-1.86006e-15 -2.93168e-16 4.47559e-16 1 

Matrix 11 (4x4):
0.250023 -0.954271 0.163875 3.64248 
0.669796 0.292682 0.68243 90.9947 
-0.699187 -0.060861 0.712344 10.2685 
8.67362e-19 4.33681e-19 0 1 

Matrix 12 (4x4):
0.56545 -0.734426 0.375347 89.6563 
0.0617252 0.49149 0.868693 66.0409 
-0.82247 -0.468034 0.323246 49.8638 
5.06865e-16 6.61363e-16 2.8276e-16 1 

Matrix 13 (4x4):
0.20854 -0.977368 -0.0355467 -34.5508 
-0.565596 -0.150173 0.810894 104.295 
-0.79788 -0.148999 -0.584112 -155.584 
-4.33681e-19 -2.1684e-19 -8.67362e-19 1 

Matrix 14 (4x4):
-0.0898867 -0.995516 -0.0294797 -77.0263 
0.318787 -0.0568008 0.946123 149.79 
-0.943555 0.0756461 0.322463 0.341011 
-6.50521e-19 -2.1684e-18 0 1 

Matrix 15 (4x4):
-0.183625 -0.979802 0.0791792 73.1113 
0.231935 0.0350896 0.972098 172.374 
-0.955242 0.196866 0.220808 -30.3598 
2.1684e-19 0 0 1 

Matrix 16 (4x4):
-0.0212622 -0.968861 0.246691 58.5067 
-0.648719 0.20112 0.733972 68.7818 
-0.760731 -0.144427 -0.632795 -132.049 
4.33681e-19 -1.0842e-19 2.60209e-18 1 

Matrix 17 (4x4):
-0.0876107 -0.946148 0.311654 11.7017 
0.14446 0.297483 0.943735 100.112 
-0.985625 0.127703 0.110617 -54.8674 
-4.33681e-18 -5.42101e-19 -5.20417e-18 1 

Matrix 18 (4x4):
-0.0960659 -0.953366 0.286119 83.3144 
-0.0898638 0.294581 0.951392 121.857 
-0.99131 0.0656845 -0.113972 -52.3895 
-4.33681e-19 8.67362e-19 -8.67362e-19 1 

Matrix 19 (4x4):
-0.120185 -0.978645 0.166764 -14.423 
-0.696799 0.202808 0.687997 98.8537 
-0.707126 -0.0335141 -0.706293 -127.814 
-5.42101e-19 2.1684e-19 8.67362e-19 1 

Matrix 20 (4x4):
-0.175082 -0.963305 0.203446 10.5703 
-0.278852 0.246695 0.928107 81.6769 
-0.944239 0.105764 -0.311811 -125.326 
7.64146e-16 -6.7516e-16 -6.29705e-16 1 

Matrix 21 (4x4):
0.0572062 -0.971799 0.228767 60.5505 
-0.383838 0.190122 0.903616 105.926 
-0.921627 -0.139502 -0.362137 -61.197 
-2.1684e-19 -4.33681e-19 8.67362e-19 1 

Matrix 22 (4x4):
0.206152 -0.978211 -0.0245878 -58.2117 
-0.088316 -0.0436253 0.995137 141.779 
-0.974526 -0.202978 -0.0953852 -21.6384 
-1.35525e-19 -4.33681e-19 -8.67362e-19 1 

Matrix 23 (4x4):
-0.10732 -0.967381 0.229469 83.1021 
-0.139904 0.243199 0.959834 85.6393 
-0.984332 0.0709061 -0.161441 -91.0718 
-4.33681e-19 1.30104e-18 0 1 

Matrix 24 (4x4):
0.252305 -0.967581 -0.0113567 -50.8437 
-0.104411 -0.0388902 0.993774 144.309 
-0.961998 -0.249548 -0.110838 -12.2439 
-1.0842e-19 8.67362e-19 1.73472e-18 1 

Matrix 25 (4x4):
0.00823512 -0.971986 0.234894 38.788 
-0.0697423 0.233771 0.969787 76.5701 
-0.997531 -0.0243683 -0.0658634 -65.4603 
3.46945e-18 4.33681e-19 0 1 

