Matrix 1 (4x4):
0.326725 0.311588 -0.89228 -67.4729 
-0.929979 0.274301 -0.244742 30.781 
0.168495 0.909765 0.379391 -153.922 
0 0 0 1 

Matrix 2 (4x4):
0.389274 0.212604 -0.896251 -68.1932 
-0.773092 0.604407 -0.192408 57.6612 
0.500793 0.767784 0.399642 -70.1174 
0 0 0 1 

Matrix 3 (4x4):
0.510474 -0.0523741 -0.858297 -49.0614 
-0.774553 0.405516 -0.485412 6.21278 
0.373476 0.912586 0.166439 -112.937 
0 0 0 1 

Matrix 4 (4x4):
0.359874 -0.174224 -0.91659 -98.2818 
-0.859467 0.320374 -0.398343 -79.3988 
0.363052 0.931132 -0.0344449 -101.266 
0 0 0 1 

Matrix 5 (4x4):
0.669961 -0.00690143 -0.742364 -6.50914 
-0.727392 0.19392 -0.658252 -67.308 
0.148502 0.980993 0.124899 -124.948 
0 0 0 1 

Matrix 6 (4x4):
0.389575 -0.165503 -0.906002 -85.4743 
-0.914723 0.0450778 -0.40156 -64.8093 
0.1073 0.985179 -0.133828 -181.792 
0 0 0 1 

Matrix 7 (4x4):
0.630336 -0.0268458 -0.775858 -14.8839 
-0.720514 0.35185 -0.597547 7.31876 
0.289027 0.935671 0.202441 -121.753 
0 0 0 1 

Matrix 8 (4x4):
0.602147 -0.0341386 -0.797655 -72.6802 
-0.79019 0.117298 -0.601532 -61.2909 
0.114098 0.99251 0.0436544 -149.48 
0 0 0 1 

Matrix 9 (4x4):
0.451048 -0.253451 -0.855756 -75.7344 
-0.763956 0.386095 -0.517013 -20.4199 
0.46144 0.886957 -0.0194782 -132.425 
0 0 0 1 

Matrix 10 (4x4):
-0.186456 0.968313 0.166145 -21.9237 
-0.951653 -0.220026 0.21435 4.36494 
0.244114 -0.118146 0.962523 -87.5882 
0 0 0 1 

Matrix 11 (4x4):
0.250023 0.669796 -0.699187 -54.6789 
-0.954271 0.292682 -0.060861 -22.5316 
0.163875 0.68243 0.712344 -70.0092 
0 0 0 1 

Matrix 12 (4x4):
0.56545 0.0617252 -0.82247 -13.761 
-0.734426 0.49149 -0.468034 56.7254 
0.375347 0.868693 0.323246 -107.14 
0 0 0 1 

Matrix 13 (4x4):
0.20854 -0.565596 -0.79788 -57.9434 
-0.977368 -0.150173 -0.148999 -41.2885 
-0.0355467 0.810894 -0.584112 -176.679 
0 0 0 1 

Matrix 14 (4x4):
-0.0898867 0.318787 -0.943555 -54.3528 
-0.995516 -0.0568008 0.0756461 -68.1985 
-0.0294797 0.946123 0.322463 -144.1 
0 0 0 1 

Matrix 15 (4x4):
-0.183625 0.231935 -0.955242 -55.5556 
-0.979802 0.0350896 0.196866 71.5629 
0.0791792 0.972098 0.220808 -166.65 
0 0 0 1 

Matrix 16 (4x4):
-0.0212622 -0.648719 -0.760731 -54.5894 
-0.968861 0.20112 -0.144427 23.7801 
0.246691 0.733972 -0.632795 -148.477 
0 0 0 1 

Matrix 17 (4x4):
-0.0876107 0.14446 -0.985625 -67.5156 
-0.946148 0.297483 0.127703 -11.7034 
0.311654 0.943735 0.110617 -92.0569 
0 0 0 1 

Matrix 18 (4x4):
-0.0960659 -0.0898638 -0.99131 -32.98 
-0.953366 0.294581 0.0656845 46.9734 
0.286119 0.951392 -0.113972 -145.743 
0 0 0 1 

Matrix 19 (4x4):
-0.120185 -0.696799 -0.707126 -23.2332 
-0.978645 0.202808 -0.0335141 -38.4469 
0.166764 0.687997 -0.706293 -155.88 
0 0 0 1 

Matrix 20 (4x4):
-0.175082 -0.278852 -0.944239 -93.7115 
-0.963305 0.246695 0.105764 3.28816 
0.203446 0.928107 -0.311811 -117.033 
0 0 0 1 

Matrix 21 (4x4):
0.0572062 -0.383838 -0.921627 -19.2063 
-0.971799 0.190122 -0.139502 30.167 
0.228767 0.903616 -0.362137 -131.73 
0 0 0 1 

Matrix 22 (4x4):
0.206152 -0.088316 -0.974526 3.43469 
-0.978211 -0.0436253 -0.202978 -55.1503 
-0.0245878 0.995137 -0.0953852 -144.585 
0 0 0 1 

Matrix 23 (4x4):
-0.10732 -0.139904 -0.984332 -68.745 
-0.967381 0.243199 0.0709061 66.0216 
0.229469 0.959834 -0.161441 -115.971 
0 0 0 1 

Matrix 24 (4x4):
0.252305 -0.104411 -0.961998 16.1169 
-0.967581 -0.0388902 -0.249548 -46.6387 
-0.0113567 0.993774 -0.110838 -145.345 
0 0 0 1 

Matrix 25 (4x4):
0.00823512 -0.0697423 -0.997531 -60.2779 
-0.971986 0.233771 -0.0243683 18.2064 
0.234894 0.969787 -0.0658634 -87.6791 
0 0 0 1 

