Matrix 1 (4x4):
0.691849 -0.718903 0.0672565 -30.7347 
0.718145 0.694788 0.0392161 104.28 
-0.0749216 0.0211683 0.996965 -1686.71 
0 0 0 1 

Matrix 2 (4x4):
0.691812 -0.718894 0.0677319 -30.7416 
0.718132 0.694791 0.0393932 104.296 
-0.075379 0.0213878 0.996926 -1686.71 
0 0 0 1 

Matrix 3 (4x4):
0.691775 -0.718926 0.0677671 -30.7889 
0.71817 0.694755 0.0393343 104.357 
-0.07536 0.0214578 0.996925 -1686.72 
0 0 0 1 

Matrix 4 (4x4):
0.691821 -0.718901 0.0675626 -30.7863 
0.718158 0.694781 0.0390975 104.372 
-0.0750485 0.0214721 0.996949 -1686.69 
0 0 0 1 

Matrix 5 (4x4):
0.691812 -0.718927 0.0673798 -30.7961 
0.718175 0.694759 0.0391722 104.385 
-0.0749747 0.0212907 0.996958 -1686.68 
0 0 0 1 

Matrix 6 (4x4):
0.691822 -0.718917 0.0673883 -30.7946 
0.71818 0.694765 0.0389684 104.387 
-0.0748341 0.0214378 0.996966 -1686.69 
0 0 0 1 

Matrix 7 (4x4):
0.69183 -0.718907 0.0674036 -30.8115 
0.718159 0.694778 0.0391167 104.405 
-0.0749519 0.0213444 0.996959 -1686.69 
0 0 0 1 

Matrix 8 (4x4):
0.691879 -0.718828 0.0677467 -30.844 
0.718076 0.694856 0.0392627 104.448 
-0.0752974 0.0214822 0.99693 -1686.69 
0 0 0 1 

Matrix 9 (4x4):
0.691773 -0.718912 0.0679369 -30.8318 
0.718165 0.694764 0.0392698 104.438 
-0.0754317 0.0216241 0.996916 -1686.69 
0 0 0 1 

Matrix 10 (4x4):
0.691813 -0.718898 0.0676794 -30.8365 
0.718119 0.694793 0.0396113 104.44 
-0.0754996 0.0211981 0.99692 -1686.68 
0 0 0 1 

Matrix 11 (4x4):
0.691767 -0.718905 0.0680725 -30.8399 
0.718139 0.694775 0.0395477 104.447 
-0.0757261 0.0215278 0.996896 -1686.68 
0 0 0 1 

Matrix 12 (4x4):
0.691804 -0.718885 0.0679026 -30.8438 
0.718131 0.694795 0.0393489 104.452 
-0.0754657 0.0215412 0.996916 -1686.69 
0 0 0 1 

Matrix 13 (4x4):
0.691807 -0.718879 0.0679475 -30.8471 
0.718102 0.694807 0.039651 104.45 
-0.0757147 0.0213624 0.996901 -1686.69 
0 0 0 1 

Matrix 14 (4x4):
0.691824 -0.718904 0.0675066 -30.8504 
0.718135 0.694786 0.0394302 104.458 
-0.0752492 0.0212001 0.996939 -1686.68 
0 0 0 1 

Matrix 15 (4x4):
0.691799 -0.718878 0.0680335 -30.8554 
0.718116 0.694803 0.0394765 104.466 
-0.0756486 0.0215462 0.996902 -1686.69 
0 0 0 1 

Matrix 16 (4x4):
0.69183 -0.7189 0.067488 -30.8573 
0.718141 0.694788 0.0392961 104.475 
-0.0751398 0.0212796 0.996946 -1686.67 
0 0 0 1 

Matrix 17 (4x4):
0.69179 -0.718914 0.0677404 -30.861 
0.718156 0.694769 0.0393528 104.479 
-0.0753552 0.0214242 0.996927 -1686.67 
0 0 0 1 

Matrix 18 (4x4):
0.691835 -0.71887 0.0677579 -30.8637 
0.718116 0.694813 0.0392886 104.484 
-0.0753225 0.0214768 0.996928 -1686.68 
0 0 0 1 

Matrix 19 (4x4):
0.691774 -0.718872 0.0683518 -30.8699 
0.718128 0.694798 0.0393396 104.492 
-0.0757709 0.0218712 0.996885 -1686.69 
0 0 0 1 

Matrix 20 (4x4):
0.691747 -0.718876 0.0685799 -30.8737 
0.718108 0.694798 0.0397217 104.5 
-0.0762041 0.0217703 0.996855 -1686.68 
0 0 0 1 

Matrix 21 (4x4):
0.691809 -0.718858 0.0681411 -30.8738 
0.718088 0.694824 0.0396171 104.504 
-0.0758252 0.0215238 0.996889 -1686.67 
0 0 0 1 

Matrix 22 (4x4):
0.691804 -0.718851 0.0682647 -30.8745 
0.718101 0.694823 0.0393853 104.511 
-0.0757441 0.021774 0.99689 -1686.69 
0 0 0 1 

Matrix 23 (4x4):
0.691794 -0.718865 0.0682158 -30.8789 
0.718113 0.69481 0.0394009 104.515 
-0.075721 0.0217294 0.996892 -1686.67 
0 0 0 1 

Matrix 24 (4x4):
0.691777 -0.718872 0.068316 -30.8755 
0.718116 0.694802 0.039483 104.517 
-0.0758494 0.0217454 0.996882 -1686.68 
0 0 0 1 

Matrix 25 (4x4):
0.691816 -0.718858 0.068074 -30.8796 
0.718099 0.694822 0.0394541 104.526 
-0.0756612 0.0215889 0.9969 -1686.67 
0 0 0 1 

