Matrix 1 (4x4):
0.234202 -0.884735 -0.402981 -38.9893 
0.0254401 0.419945 -0.907193 -57.5928 
0.971855 0.202214 0.12086 -1820.96 
0 0 0 1 

Matrix 2 (4x4):
0.294868 -0.905434 -0.305356 -45.8637 
0.368386 0.402579 -0.837987 30.5064 
0.881672 0.134607 0.452256 -1866.57 
0 0 0 1 

Matrix 3 (4x4):
0.480728 -0.872695 -0.0854647 -27.5842 
0.180316 0.193767 -0.964334 -10.7265 
0.85813 0.448172 0.25051 -1806.71 
0 0 0 1 

Matrix 4 (4x4):
0.358365 -0.932552 0.0438401 -78.0273 
0.141969 0.00802336 -0.989839 8.02938 
0.922724 0.360947 0.135269 -1712.21 
0 0 0 1 

Matrix 5 (4x4):
0.621598 -0.770136 -0.143204 27.715 
0.00910927 0.189907 -0.98176 -17.7098 
0.783284 0.608955 0.125061 -1730.08 
0 0 0 1 

Matrix 6 (4x4):
0.377996 -0.925681 0.015292 -63.5905 
-0.103289 -0.0585803 -0.992925 -78.0138 
0.920027 0.373743 -0.117756 -1711.74 
0 0 0 1 

Matrix 7 (4x4):
0.591382 -0.796696 -0.124669 10.9582 
0.132002 0.248158 -0.959684 -17.6212 
0.795514 0.551083 0.251922 -1810.96 
0 0 0 1 

Matrix 8 (4x4):
0.565276 -0.811393 -0.148677 -41.6756 
-0.0866089 0.120862 -0.988884 -44.0425 
0.820343 0.571869 -0.00195367 -1724.85 
0 0 0 1 

Matrix 9 (4x4):
0.480814 -0.870079 0.108536 -60.4877 
0.253924 0.0196913 -0.967024 -22.8375 
0.83925 0.492518 0.230402 -1776.75 
0 0 0 1 

Matrix 10 (4x4):
-0.29239 0.234103 -0.927202 18.1383 
0.400231 0.91053 0.103682 -22.1715 
0.868518 -0.340779 -0.359925 -1781.26 
0 0 0 1 

Matrix 11 (4x4):
0.117468 -0.697728 -0.706666 -10.5035 
0.143527 0.71605 -0.683134 25.1892 
0.98265 -0.0211792 0.184255 -1771.29 
0 0 0 1 

Matrix 12 (4x4):
0.519352 -0.831118 -0.198789 8.49073 
0.22055 0.355101 -0.908439 -4.81409 
0.82561 0.427956 0.367726 -1865.39 
0 0 0 1 

Matrix 13 (4x4):
0.299977 -0.848199 0.436545 -56.9872 
-0.258474 -0.512771 -0.818692 -82.4963 
0.918262 0.132753 -0.373057 -1728.12 
0 0 0 1 

Matrix 14 (4x4):
-0.196271 -0.927529 -0.318068 -24.3816 
-0.154934 0.349638 -0.923985 -41.7399 
0.968232 -0.132072 -0.21233 -1705.93 
0 0 0 1 

Matrix 15 (4x4):
-0.264306 -0.938443 -0.222414 -45.2404 
-0.0935294 0.254469 -0.962548 -72.6083 
0.959893 -0.233605 -0.15503 -1851.22 
0 0 0 1 

Matrix 16 (4x4):
0.158517 -0.797734 0.581801 -68.5368 
0.0150701 -0.587228 -0.809281 -50.4601 
0.987241 0.137053 -0.0810638 -1807.15 
0 0 0 1 

Matrix 17 (4x4):
-0.119426 -0.983294 -0.137369 -53.4039 
0.124245 0.12247 -0.984665 12.9241 
0.985038 -0.134662 0.107544 -1778.16 
0 0 0 1 

Matrix 18 (4x4):
-0.0793089 -0.992751 0.0903099 -30.4627 
0.0694728 -0.0958795 -0.992966 -46.2711 
0.994426 -0.0724769 0.0765733 -1838.5 
0 0 0 1 

Matrix 19 (4x4):
0.0583224 -0.732278 0.678504 -35.3788 
-0.0193957 -0.680364 -0.732618 -61.3289 
0.998109 0.029568 -0.0538835 -1745.94 
0 0 0 1 

Matrix 20 (4x4):
-0.114035 -0.954324 0.276155 -96.6155 
-0.0136868 -0.276433 -0.960936 -12.1108 
0.993382 -0.11336 0.0184613 -1788.59 
0 0 0 1 

Matrix 21 (4x4):
0.141974 -0.932688 0.331566 -21.6788 
0.0105426 -0.333515 -0.942686 -32.459 
0.989814 0.137332 -0.0375175 -1818.12 
0 0 0 1 

Matrix 22 (4x4):
0.171873 -0.985005 0.0149834 24.6234 
-0.195736 -0.0490525 -0.979429 -39.4305 
0.965478 0.165405 -0.201232 -1724.91 
0 0 0 1 

Matrix 23 (4x4):
-0.0712324 -0.989934 0.122298 -70.8533 
0.013139 -0.12353 -0.992254 -13.3786 
0.997373 -0.0690738 0.0218061 -1853.09 
0 0 0 1 

Matrix 24 (4x4):
0.220953 -0.975109 0.0184852 36.6379 
-0.185666 -0.0606625 -0.980739 -40.2562 
0.957449 0.213265 -0.194448 -1735.11 
0 0 0 1 

Matrix 25 (4x4):
0.0241316 -0.999194 0.0320925 -53.1426 
0.0405282 -0.0310977 -0.998694 18.2852 
0.998887 0.0254007 0.0397451 -1807.82 
0 0 0 1 

