Matrix 1 (4x4):
0.107489 -0.13012 0.985655 136.523 
-0.325671 0.932092 0.158565 87.8218 
-0.939353 -0.338043 0.057813 -133.951 
1.90416e-15 -3.82506e-16 8.17276e-17 1 

Matrix 2 (4x4):
0.402083 0.0628294 0.913445 190.218 
-0.347432 0.933498 0.0887249 40.2244 
-0.847125 -0.353035 0.397173 14.8893 
9.38917e-21 -1.14184e-21 -1.0802e-19 1 

Matrix 3 (4x4):
0.397384 -0.201919 0.895162 122.172 
-0.498325 0.771641 0.395275 78.8692 
-0.770557 -0.603158 0.206017 -80.6479 
1.4865e-20 -3.72925e-21 -2.16305e-19 1 

Matrix 4 (4x4):
0.280632 -0.139178 0.949671 54.1505 
-0.666486 0.683737 0.297154 -34.0721 
-0.690683 -0.716333 0.099118 -89.8414 
-5.67403e-16 1.8035e-16 -2.3977e-17 1 

Matrix 5 (4x4):
0.377844 -0.423878 0.823141 -1.26756 
-0.442059 0.698576 0.56265 94.6738 
-0.813522 -0.576471 0.0765739 -106.062 
9.90906e-21 -2.93777e-21 -1.07943e-19 1 

Matrix 6 (4x4):
0.118477 -0.323786 0.938683 16.5988 
-0.710446 0.6328 0.307946 -31.6832 
-0.693707 -0.703368 -0.155061 -183.558 
2.21889e-16 6.69894e-17 2.05612e-18 1 

Matrix 7 (4x4):
0.444309 -0.316457 0.838119 90.2644 
-0.414266 0.756928 0.505414 132.043 
-0.794338 -0.571765 0.205213 -80.5932 
7.49569e-21 -4.10011e-21 -1.081e-19 1 

Matrix 8 (4x4):
0.267141 -0.448894 0.852719 24.5693 
-0.517658 0.679518 0.519889 30.9825 
-0.812813 -0.580301 -0.0508463 -148.525 
1.97907e-16 1.27571e-16 5.1298e-18 1 

Matrix 9 (4x4):
0.451667 -0.151098 0.879299 122.156 
-0.624907 0.649842 0.432662 21.057 
-0.636779 -0.744899 0.19909 -99.1108 
-5.22619e-21 4.97204e-22 1.08349e-19 1 

Matrix 10 (4x4):
0.0195612 0.506687 0.861908 147.138 
0.841553 0.45711 -0.287819 71.5877 
-0.539821 0.730971 -0.417462 24.4952 
-8.74939e-21 4.10468e-21 1.08005e-19 1 

Matrix 11 (4x4):
0.10992 0.0364248 0.993273 92.1353 
0.0331626 0.998637 -0.0402915 69.1495 
-0.993387 0.0373683 0.108562 -24.1814 
-1.3306e-15 1.6724e-15 -1.2142e-16 1 

Matrix 12 (4x4):
0.455368 -0.202333 0.867007 151.205 
-0.352257 0.85342 0.384174 147.967 
-0.817652 -0.48035 0.317347 -25.7307 
-1.5207e-22 -1.47129e-22 -8.33246e-24 1 

Matrix 13 (4x4):
-0.0476104 -0.37562 0.92555 -2.42964 
-0.965064 0.256311 0.054377 -112.532 
-0.257654 -0.890626 -0.3747 -157.099 
-1.34491e-21 -2.15301e-21 -1.08813e-19 1 

Matrix 14 (4x4):
-0.319907 0.0539804 0.94591 -2.7398 
-0.380661 0.906928 -0.180496 54.5737 
-0.867615 -0.417813 -0.269585 -137.116 
1.47249e-15 4.20782e-16 5.88037e-17 1 

Matrix 15 (4x4):
-0.322626 0.145701 0.935245 137.567 
-0.448804 0.846398 -0.286681 -6.8745 
-0.833359 -0.512233 -0.207679 -199.149 
1.02355e-15 8.64202e-16 4.17898e-18 1 

Matrix 16 (4x4):
0.0463083 -0.0824794 0.995516 127.255 
-0.983906 0.168409 0.0597211 -104.528 
-0.17258 -0.98226 -0.0733533 -113.231 
4.1877e-16 1.19324e-16 1.06366e-17 1 

Matrix 17 (4x4):
-0.0676181 0.193282 0.97881 98.8042 
-0.582134 0.789107 -0.196037 -23.2738 
-0.810277 -0.583054 0.0591582 -83.4084 
1.32143e-15 -1.67385e-16 7.80322e-17 1 

Matrix 18 (4x4):
-0.0798817 0.12664 0.988727 161.487 
-0.750213 0.645484 -0.143288 -25.0602 
-0.656353 -0.753202 0.043445 -138.105 
1.89965e-16 4.53927e-16 -3.58281e-18 1 

Matrix 19 (4x4):
-0.0492103 -0.0335725 0.998224 56.1914 
-0.997399 0.0543454 -0.0473418 -114.368 
-0.0526595 -0.997958 -0.0361596 -121.617 
-9.25037e-18 5.3615e-17 -1.98815e-18 1 

Matrix 20 (4x4):
-0.164412 0.0940936 0.981894 92.1411 
-0.850021 0.491508 -0.189431 -106.526 
-0.500432 -0.865775 -0.000828046 -92.0189 
1.69385e-16 2.15108e-15 3.25335e-17 1 

Matrix 21 (4x4):
0.0307366 -0.0734293 0.996827 130.25 
-0.895149 0.441692 0.0601378 -19.0509 
-0.444706 -0.894157 -0.052154 -137.094 
-8.357e-16 3.02337e-17 -4.649e-17 1 

Matrix 22 (4x4):
-0.094785 -0.238531 0.966498 -0.812655 
-0.729184 0.677591 0.0957173 53.9268 
-0.677722 -0.695682 -0.238158 -149.503 
-2.20699e-20 1.6621e-20 3.24236e-19 1 

Matrix 23 (4x4):
-0.115365 0.0820079 0.989932 164.683 
-0.768309 0.624298 -0.141255 -65.6305 
-0.629597 -0.77687 -0.00901465 -108.462 
-4.66005e-16 5.73785e-16 -1.98436e-17 1 

Matrix 24 (4x4):
-0.0531011 -0.267018 0.962227 4.56777 
-0.734297 0.663468 0.14359 67.378 
-0.676748 -0.698936 -0.231301 -152.648 
1.26116e-21 3.5719e-21 1.80418e-23 1 

Matrix 25 (4x4):
-0.0297791 0.0323775 0.999032 125.049 
-0.715511 0.697219 -0.043924 -21.8496 
-0.697966 -0.716126 0.00240396 -80.5984 
4.54869e-17 4.28728e-18 2.92442e-18 1 

