Matrix 1 (4x4):
0.107489 -0.325671 -0.939353 -111.901 
-0.13012 0.932092 -0.338043 -109.375 
0.985655 0.158565 0.057813 -140.746 
-1.06783e-19 -1.30832e-20 -1.65203e-20 1 

Matrix 2 (4x4):
0.402083 -0.347432 -0.847125 -49.8951 
0.0628294 0.933498 -0.353035 -44.2443 
0.913445 0.0887249 0.397173 -183.236 
-5.00873e-22 1.19312e-20 -2.57467e-21 1 

Matrix 3 (4x4):
0.397384 -0.498325 -0.770557 -71.3905 
-0.201919 0.771641 -0.603158 -84.8333 
0.895162 0.395275 0.206017 -123.924 
-3.25754e-21 5.91361e-21 5.79131e-22 1 

Matrix 4 (4x4):
0.280632 -0.666486 -0.690683 -99.9568 
-0.139178 0.683737 -0.716333 -33.5234 
0.949671 0.297154 0.099118 -32.3956 
9.75108e-20 4.06051e-20 2.80064e-20 1 

Matrix 5 (4x4):
0.377844 -0.442059 -0.813522 -43.9535 
-0.423878 0.698576 -0.576471 -127.816 
0.823141 0.56265 0.0765739 -44.1033 
8.39942e-20 6.99014e-20 4.96419e-22 1 

Matrix 6 (4x4):
0.118477 -0.710446 -0.693707 -151.811 
-0.323786 0.6328 -0.703368 -103.685 
0.938683 0.307946 -0.155061 -34.2869 
-1.0173e-19 -3.77819e-20 5.98697e-21 1 

Matrix 7 (4x4):
0.444309 -0.414266 -0.794338 -49.4227 
-0.316457 0.756928 -0.571765 -117.462 
0.838119 0.505414 0.205213 -125.85 
1.74718e-19 1.10735e-19 6.67881e-20 1 

Matrix 8 (4x4):
0.267141 -0.517658 -0.812813 -111.248 
-0.448894 0.679518 -0.580301 -96.2135 
0.852719 0.519889 -0.0508463 -44.6101 
-9.39459e-20 -5.4866e-20 -1.21826e-20 1 

Matrix 9 (4x4):
0.451667 -0.624907 -0.636779 -105.127 
-0.151098 0.649842 -0.744899 -69.0539 
0.879299 0.432662 0.19909 -96.7901 
-9.01771e-20 -5.48729e-20 -2.47964e-20 1 

Matrix 10 (4x4):
0.0195612 0.841553 -0.539821 -49.9 
0.506687 0.45711 0.730971 -125.182 
0.861908 -0.287819 -0.417462 -95.9894 
8.72548e-20 -4.80976e-20 -4.51405e-20 1 

Matrix 11 (4x4):
0.10992 0.0331626 -0.993387 -36.4422 
0.0364248 0.998637 0.0373683 -71.5076 
0.993273 -0.0402915 0.108562 -86.1041 
1.06738e-19 -3.47825e-21 1.87798e-20 1 

Matrix 12 (4x4):
0.455368 -0.352257 -0.817652 -37.7703 
-0.202333 0.85342 -0.48035 -108.044 
0.867007 0.384174 0.317347 -179.776 
-2.68189e-19 -1.30161e-19 -1.30908e-19 1 

Matrix 13 (4x4):
-0.0476104 -0.965064 -0.257654 -149.193 
-0.37562 0.256311 -0.890626 -111.985 
0.92555 0.054377 -0.3747 -50.497 
2.26944e-22 7.78539e-21 3.32907e-21 1 

Matrix 14 (4x4):
-0.319907 -0.380661 -0.867615 -99.066 
0.0539804 0.906928 -0.417813 -106.635 
0.94591 -0.180496 -0.269585 -24.5223 
-1.04311e-19 1.74618e-20 2.40985e-20 1 

Matrix 15 (4x4):
-0.322626 -0.448804 -0.833359 -124.665 
0.145701 0.846398 -0.512233 -116.236 
0.935245 -0.286681 -0.207679 -171.989 
-3.12401e-19 7.92966e-20 4.42793e-20 1 

Matrix 16 (4x4):
0.0463083 -0.983906 -0.17258 -128.28 
-0.0824794 0.168409 -0.98226 -83.1231 
0.995516 0.0597211 -0.0733533 -128.748 
-2.68539e-22 1.35141e-21 -9.85609e-22 1 

Matrix 17 (4x4):
-0.0676181 -0.582134 -0.810277 -74.4514 
0.193282 0.789107 -0.583054 -49.3631 
0.97881 -0.196037 0.0591582 -96.3388 
1.06361e-19 -1.20984e-20 1.87977e-20 1 

Matrix 18 (4x4):
-0.0798817 -0.750213 -0.656353 -96.5459 
0.12664 0.645484 -0.753202 -108.295 
0.988727 -0.143288 0.043445 -157.258 
1.07211e-19 -8.89004e-21 1.51837e-20 1 

Matrix 19 (4x4):
-0.0492103 -0.997399 -0.0526595 -117.71 
-0.0335725 0.0543454 -0.997958 -113.267 
0.998224 -0.0473418 -0.0361596 -65.9036 
-2.16891e-19 -1.31511e-20 -5.43572e-22 1 

Matrix 20 (4x4):
-0.164412 -0.850021 -0.500432 -121.45 
0.0940936 0.491508 -0.865775 -35.9791 
0.981894 -0.189431 -0.000828046 -110.728 
-1.07602e-19 1.2034e-20 -8.98096e-21 1 

Matrix 21 (4x4):
0.0307366 -0.895149 -0.444706 -82.0232 
-0.0734293 0.441692 -0.894157 -104.604 
0.996827 0.0601378 -0.052154 -135.841 
1.08037e-19 1.01495e-20 -2.38257e-21 1 

Matrix 22 (4x4):
-0.094785 -0.729184 -0.677722 -62.0762 
-0.238531 0.677591 -0.695682 -140.741 
0.966498 0.0957173 -0.238158 -39.9818 
4.56141e-21 -2.34015e-21 1.99614e-20 1 

Matrix 23 (4x4):
-0.115365 -0.768309 -0.629597 -99.7134 
0.0820079 0.624298 -0.77687 -56.7934 
0.989932 -0.141255 -0.00901465 -173.273 
-1.08046e-19 6.65192e-21 -9.08799e-21 1 

Matrix 24 (4x4):
-0.0531011 -0.734297 -0.676748 -53.5865 
-0.267018 0.663468 -0.698936 -150.175 
0.962227 0.14359 -0.231301 -49.3778 
2.09246e-19 4.50037e-20 -3.54871e-20 1 

Matrix 25 (4x4):
-0.0297791 -0.715511 -0.697966 -68.1648 
0.0323775 0.697219 -0.716126 -46.5334 
0.999032 -0.043924 0.00240396 -125.694 
-4.08805e-23 1.6927e-21 -5.43668e-23 1 

